 ---New_Simulation---
        Label               Simulation step                 <E_i>                   E_i
   2.0000000000000000        20000.000000000000       -4.5177429422689990       -5.0969755298533626     
   1.0000000000000000        40000.000000000000       -4.6060989536285621       -4.1091852256409966     
   2.0000000000000000        60000.000000000000       -5.0793194039159388       -6.2435683169639997     
   2.0000000000000000        80000.000000000000       -5.2380784692990288       -5.3997368144677722     
   2.0000000000000000        100000.00000000000       -5.3426197449390429       -6.3646927786426977     
   2.0000000000000000        120000.00000000000       -5.4226161519748430       -5.1482687421388880     
   1.0000000000000000        140000.00000000000       -5.2882788251469464       -5.9994713659075023     
   1.0000000000000000        160000.00000000000       -5.3443475978334192       -5.8067662438856029     
   1.0000000000000000        180000.00000000000       -5.3890417226220739       -6.8222793245660975     
   1.0000000000000000        200000.00000000000       -5.4250627504267079       -5.6014701760171590     
   1.0000000000000000        220000.00000000000       -5.4571237147727620       -7.0004133682752787     
   1.0000000000000000        240000.00000000000       -5.4844045289358689       -4.3344078729011191     
   2.0000000000000000        260000.00000000000       -5.6960437172351135       -6.1829842159715351     
   2.0000000000000000        280000.00000000000       -5.7152487217117685       -6.7743462774727181     
   1.0000000000000000        300000.00000000000       -5.5397758078704582       -3.5446440872148592     
   2.0000000000000000        320000.00000000000       -5.7479098179673338       -6.4890853485542390     
   2.0000000000000000        340000.00000000000       -5.7626693120620729       -5.8698381819060188     
   2.0000000000000000        360000.00000000000       -5.7738408835984654       -7.3134019778009254     
   2.0000000000000000        380000.00000000000       -5.7843275694540184       -6.6426471620895535     
   2.0000000000000000        400000.00000000000       -5.7939849343878507       -6.0324935485854594     
   2.0000000000000000        420000.00000000000       -5.8010008926340024       -5.8914697545478170     
   1.0000000000000000        440000.00000000000       -5.6117289296535997       -6.7059188345973082     
   1.0000000000000000        460000.00000000000       -5.6179049928093212       -6.5507997457101528     
   1.0000000000000000        480000.00000000000       -5.6231342315260031       -6.3347676032435780     
   2.0000000000000000        500000.00000000000       -5.8263653032483083       -5.9441967043893742     
   1.0000000000000000        520000.00000000000       -5.6339550717090727       -4.9695426896930552     
   2.0000000000000000        540000.00000000000       -5.8399930956872188       -6.2221240620206473     
   2.0000000000000000        560000.00000000000       -5.8461684981022266       -5.1429984702460638     
   2.0000000000000000        580000.00000000000       -5.8516606213057525       -5.4165253570364396     
   2.0000000000000000        600000.00000000000       -5.8574531933374949       -5.9519178396627348     
   1.0000000000000000        620000.00000000000       -5.6504967257674057       -5.1392604329853402     
   2.0000000000000000        640000.00000000000       -5.8668616625813881       -6.6605430724005981     
   1.0000000000000000        660000.00000000000       -5.6563240778464658       -6.1781977802860553     
   1.0000000000000000        680000.00000000000       -5.6589779521169321       -6.0022176054112908     
   2.0000000000000000        700000.00000000000       -5.8809563442315245       -6.8084717109315482     
   1.0000000000000000        720000.00000000000       -5.6627286722625350       -4.9187320857003458     
   2.0000000000000000        740000.00000000000       -5.8910548775219560       -6.3825039955354272     
   2.0000000000000000        760000.00000000000       -5.8958765533998196       -6.3205413460690512     
   2.0000000000000000        780000.00000000000       -5.9002037238961131       -6.1200152226755637     
   2.0000000000000000        800000.00000000000       -5.9032729441262637       -6.4335343299378165     
   1.0000000000000000        820000.00000000000       -5.6723028260765957       -5.5755655347436273     
   1.0000000000000000        840000.00000000000       -5.6736162067840104       -5.0693262968798081     
   1.0000000000000000        860000.00000000000       -5.6745326668819844       -4.7323849706973569     
   1.0000000000000000        880000.00000000000       -5.6753809882997102       -5.9671801260105681     
   2.0000000000000000        900000.00000000000       -5.9194817270470548       -6.4308732282571750     
   2.0000000000000000        920000.00000000000       -5.9224213571847280       -4.9679776463370215     
   1.0000000000000000        940000.00000000000       -5.6775418442670391       -5.2813259991273300     
   2.0000000000000000        960000.00000000000       -5.9260794313455465       -5.9726526044266590     
   1.0000000000000000        980000.00000000000       -5.6778095856024446       -5.9133493877798680     
   1.0000000000000000        1000000.0000000000       -5.6777600432305064       -5.8434905611929207     
   1.0000000000000000        1020000.0000000000       -5.6775804682828621       -5.0422583378481791     
   1.0000000000000000        1040000.0000000000       -5.6777695449182852       -5.2410317680426095     
   1.0000000000000000        1060000.0000000000       -5.6782462297462306       -6.5313104098779817     
   2.0000000000000000        1080000.0000000000       -5.9388480426965762       -5.5066647378185651     
   2.0000000000000000        1100000.0000000000       -5.9414998395015060       -6.1886234104247801     
   1.0000000000000000        1120000.0000000000       -5.6787491803673218       -5.9781521953046832     
   1.0000000000000000        1140000.0000000000       -5.6796950256572494       -5.7357023205857098     
   2.0000000000000000        1160000.0000000000       -5.9467067642909077       -6.1648777897636196     
   1.0000000000000000        1180000.0000000000       -5.6808110786953065       -5.1330048889630868     
   1.0000000000000000        1200000.0000000000       -5.6811491803761456       -6.6071843274889828     
   2.0000000000000000        1220000.0000000000       -5.9517483262600628       -6.5288133040303018     
   2.0000000000000000        1240000.0000000000       -5.9541317104643650       -6.4558447968675345     
   1.0000000000000000        1260000.0000000000       -5.6827017974781491       -5.0720357670594902     
   2.0000000000000000        1280000.0000000000       -5.9578756821625092       -5.8892224190305429     
   2.0000000000000000        1300000.0000000000       -5.9594754828172336       -5.9148126545432929     
   2.0000000000000000        1320000.0000000000       -5.9613461193892645       -5.2135500973599411     
   2.0000000000000000        1340000.0000000000       -5.9632195065736102       -5.1700130442192558     
   1.0000000000000000        1360000.0000000000       -5.6853797501916272       -4.8509548780090661     
   1.0000000000000000        1380000.0000000000       -5.6856030687585104       -5.6702488533896149     
   1.0000000000000000        1400000.0000000000       -5.6852671455890782       -5.2584354780825695     
   1.0000000000000000        1420000.0000000000       -5.6850706273703668       -6.3356219518978962     
   1.0000000000000000        1440000.0000000000       -5.6850138113927189       -5.5948428731965523     
   1.0000000000000000        1460000.0000000000       -5.6849058806790120       -5.3194969334901820     
   2.0000000000000000        1480000.0000000000       -5.9707469204975991       -5.7367397652165630     
   1.0000000000000000        1500000.0000000000       -5.6852524358231538       -5.7201835946662838     
   1.0000000000000000        1520000.0000000000       -5.6856147645243151       -6.0652583061928995     
   1.0000000000000000        1540000.0000000000       -5.6864261912497538       -6.7516362822157481     
   1.0000000000000000        1560000.0000000000       -5.6869423702348056       -5.4087477693755375     
   2.0000000000000000        1580000.0000000000       -5.9789330755863261       -6.6559177824936766     
   2.0000000000000000        1600000.0000000000       -5.9802500416850775       -5.9234588822171288     
   1.0000000000000000        1620000.0000000000       -5.6869377270849908       -6.1487504239932678     
   2.0000000000000000        1640000.0000000000       -5.9822681646847613       -5.2861088384538606     
   1.0000000000000000        1660000.0000000000       -5.6867879467969660       -5.7694631243079204     
   1.0000000000000000        1680000.0000000000       -5.6867502953582134       -5.1111974563241906     
   1.0000000000000000        1700000.0000000000       -5.6867790317200804       -5.8606024273968460     
   1.0000000000000000        1720000.0000000000       -5.6866265216634799       -5.2406668637428924     
   2.0000000000000000        1740000.0000000000       -5.9877489260869474       -6.2798395575796775     
   2.0000000000000000        1760000.0000000000       -5.9882002811004913       -4.4837878940207796     
   2.0000000000000000        1780000.0000000000       -5.9888890580928509       -6.2507096984609563     
   1.0000000000000000        1800000.0000000000       -5.6869202674255810       -5.0427537335430168     
   1.0000000000000000        1820000.0000000000       -5.6868130493185278       -5.3359916437666080     
   1.0000000000000000        1840000.0000000000       -5.6874815231018374       -6.4602055041261632     
   2.0000000000000000        1860000.0000000000       -5.9901436821763419       -5.7223677864146865     
   2.0000000000000000        1880000.0000000000       -5.9903967754458662       -5.7659692170294550     
   1.0000000000000000        1900000.0000000000       -5.6879108067712476       -5.1653190683961201     
   1.0000000000000000        1920000.0000000000       -5.6881864823419122       -6.1956017717835428     
   2.0000000000000000        1940000.0000000000       -5.9917368995671012       -6.6212750903101947     
   2.0000000000000000        1960000.0000000000       -5.9923744500530107       -6.2017841146767791     
   1.0000000000000000        1980000.0000000000       -5.6891574214029648       -5.4276543916331104     
   2.0000000000000000        2000000.0000000000       -5.9935162285534940       -5.5814218185948103     
   1.0000000000000000        2020000.0000000000       -5.6893906523247306       -6.2368781405673301     
   2.0000000000000000        2040000.0000000000       -5.9943217140656806       -6.3361668510607059     
   2.0000000000000000        2060000.0000000000       -5.9946652229401156       -5.2824451290241470     
   2.0000000000000000        2080000.0000000000       -5.9950380407347694       -7.0264878209598525     
   2.0000000000000000        2100000.0000000000       -5.9956061693020066       -6.8248720144819046     
   1.0000000000000000        2120000.0000000000       -5.6902888944461978       -5.9469879799227012     
   1.0000000000000000        2140000.0000000000       -5.6904657539183710       -4.7167850553173398     
   2.0000000000000000        2160000.0000000000       -5.9963412943389249       -6.1487496445640977     
   2.0000000000000000        2180000.0000000000       -5.9969570611495859       -5.9184451624715217     
   2.0000000000000000        2200000.0000000000       -5.9971914034416978       -5.3628208184253481     
   1.0000000000000000        2220000.0000000000       -5.6910757593244821       -5.8322985057769392     
   1.0000000000000000        2240000.0000000000       -5.6911254011442516       -5.6638763716669098     
   1.0000000000000000        2260000.0000000000       -5.6913694085574029       -6.0191297526049379     
   2.0000000000000000        2280000.0000000000       -5.9984193400337267       -6.4437700296593858     
   2.0000000000000000        2300000.0000000000       -5.9989911058072023       -5.2367251099828565     
   1.0000000000000000        2320000.0000000000       -5.6915901531434940       -5.2571839077366578     
   2.0000000000000000        2340000.0000000000       -6.0001494243428048       -6.3218434017233101     
   2.0000000000000000        2360000.0000000000       -6.0006284530874208       -6.0676666916370241     
   1.0000000000000000        2380000.0000000000       -5.6909396527342331       -6.4153696687407269     
   2.0000000000000000        2400000.0000000000       -6.0014836506211608       -6.8509110741293755     
   1.0000000000000000        2420000.0000000000       -5.6906182135428445       -6.1423191476245993     
   1.0000000000000000        2440000.0000000000       -5.6904131413860366       -6.0499718405887402     
   2.0000000000000000        2460000.0000000000       -6.0028845216374389       -5.9080802685612239     
   1.0000000000000000        2480000.0000000000       -5.6902902514170455       -5.4299797803280221     
   2.0000000000000000        2500000.0000000000       -6.0043064113105400       -6.8777731387462895     
   2.0000000000000000        2520000.0000000000       -6.0051056681140853       -3.6288842547340718     
   2.0000000000000000        2540000.0000000000       -6.0058378443185996       -6.1636861469136086     
   2.0000000000000000        2560000.0000000000       -6.0063642336443479       -5.9762739660481863     
   1.0000000000000000        2580000.0000000000       -5.6901862697837906       -5.1061835430838292     
   2.0000000000000000        2600000.0000000000       -6.0078138643896146       -6.6286928859874639     
   2.0000000000000000        2620000.0000000000       -6.0091140751050593       -6.4189475199519137     
   1.0000000000000000        2640000.0000000000       -5.6901443413504378       -5.5388983871319590     
   2.0000000000000000        2660000.0000000000       -6.0108539179873279       -7.0185350474780126     
   1.0000000000000000        2680000.0000000000       -5.6897717085644191       -5.3885227339890323     
   1.0000000000000000        2700000.0000000000       -5.6896440959704035       -4.2966973286456343     
   1.0000000000000000        2720000.0000000000       -5.6896473912471972       -6.2617128803981492     
   2.0000000000000000        2740000.0000000000       -6.0135865921323930       -6.0680969412222812     
   2.0000000000000000        2760000.0000000000       -6.0141965016738963       -6.4569334465185975     
   2.0000000000000000        2780000.0000000000       -6.0147138873912089       -5.7001326195625799     
   2.0000000000000000        2800000.0000000000       -6.0153341513003866       -5.6390093206883360     
   1.0000000000000000        2820000.0000000000       -5.6894207643146624       -5.5339708048398544     
   2.0000000000000000        2840000.0000000000       -6.0162999479219215       -6.2836374162393707     
   1.0000000000000000        2860000.0000000000       -5.6893944325060257       -4.6187639014527679     
   2.0000000000000000        2880000.0000000000       -6.0175689964385919       -5.8215258094187483     
   2.0000000000000000        2900000.0000000000       -6.0183379354180966       -6.6991647156383172     
   2.0000000000000000        2920000.0000000000       -6.0188649642686007       -6.6824670992377699     
   1.0000000000000000        2940000.0000000000       -5.6899355607560720       -5.6729720880165706     
   1.0000000000000000        2960000.0000000000       -5.6898324048768636       -6.0443705642703325     
   1.0000000000000000        2980000.0000000000       -5.6898287996919095       -5.8213865665923974     
   2.0000000000000000        3000000.0000000000       -6.0214900339247448       -5.1043805164172982     
   2.0000000000000000        3020000.0000000000       -6.0219121147366348       -5.4838124427573343     
   1.0000000000000000        3040000.0000000000       -5.6896035354635623       -5.2544103686201966     
   1.0000000000000000        3060000.0000000000       -5.6894762887602264       -6.5475546237405862     
   1.0000000000000000        3080000.0000000000       -5.6892511475461447       -6.0867786809174698     
   2.0000000000000000        3100000.0000000000       -6.0239605765975677       -6.4113801174613210     
   1.0000000000000000        3120000.0000000000       -5.6889778305042249       -6.1791888457807813     
   2.0000000000000000        3140000.0000000000       -6.0257852547934698       -4.7245248530849304     
   2.0000000000000000        3160000.0000000000       -6.0266110224993579       -7.1994315002651987     
   1.0000000000000000        3180000.0000000000       -5.6887147107803884       -6.1080814932301726     
   2.0000000000000000        3200000.0000000000       -6.0283166725094555       -6.5601211472287311     
   1.0000000000000000        3220000.0000000000       -5.6881846829462823       -4.7751728998830707     
   2.0000000000000000        3240000.0000000000       -6.0299958443925714       -5.3466966710385941     
   1.0000000000000000        3260000.0000000000       -5.6881128912581413       -6.1150178057940909     
   2.0000000000000000        3280000.0000000000       -6.0308635973041609       -5.3487300872911074     
   2.0000000000000000        3300000.0000000000       -6.0312708852680297       -6.2614395765314566     
   2.0000000000000000        3320000.0000000000       -6.0318724387085867       -5.5119822973740149     
   2.0000000000000000        3340000.0000000000       -6.0321633916555326       -5.6778808954015894     
   1.0000000000000000        3360000.0000000000       -5.6882508858364131       -6.2595720718442251     
   1.0000000000000000        3380000.0000000000       -5.6884832540797694       -6.3421778456477638     
   2.0000000000000000        3400000.0000000000       -6.0328861061342804       -5.4793599539403832     
   2.0000000000000000        3420000.0000000000       -6.0332625273851175       -6.3134956225312306     
   1.0000000000000000        3440000.0000000000       -5.6886060276375758       -5.7634749120358055     
   2.0000000000000000        3460000.0000000000       -6.0342023371580025       -5.8362200533542357     
   2.0000000000000000        3480000.0000000000       -6.0346639100001918       -4.4006865460636391     
   2.0000000000000000        3500000.0000000000       -6.0350973446989098       -5.9599419475067776     
   2.0000000000000000        3520000.0000000000       -6.0355876984886931       -6.2842180556555096     
   1.0000000000000000        3540000.0000000000       -5.6882511230702022       -5.2366496988188604     
   2.0000000000000000        3560000.0000000000       -6.0366488645528795       -5.5943996195313925     
   2.0000000000000000        3580000.0000000000       -6.0370180669417906       -6.3999335406020590     
   1.0000000000000000        3600000.0000000000       -5.6883071501076747       -4.5305002212936110     
   2.0000000000000000        3620000.0000000000       -6.0374643990956223       -6.4261426094385348     
   1.0000000000000000        3640000.0000000000       -5.6881754993611695       -5.2770878113778226     
   2.0000000000000000        3660000.0000000000       -6.0376748475666906       -7.0333391898415858     
   1.0000000000000000        3680000.0000000000       -5.6879920332233924       -5.8408433424650825     
   1.0000000000000000        3700000.0000000000       -5.6879139686514462       -4.9400258958689394     
   2.0000000000000000        3720000.0000000000       -6.0382126488014762       -6.4747095469061122     
   1.0000000000000000        3740000.0000000000       -5.6875811129908280       -6.3357722321813172     
   1.0000000000000000        3760000.0000000000       -5.6875681156654307       -5.4735285221105459     
   2.0000000000000000        3780000.0000000000       -6.0396076609687182       -5.4429530227850265     
   1.0000000000000000        3800000.0000000000       -5.6876316360437471       -5.6934191033355468     
   2.0000000000000000        3820000.0000000000       -6.0403928442577977       -4.1173216182701902     
   1.0000000000000000        3840000.0000000000       -5.6874087716597801       -5.3712291159114098     
   1.0000000000000000        3860000.0000000000       -5.6870877231687045       -5.9803918783113579     
   1.0000000000000000        3880000.0000000000       -5.6868645737719294       -5.2957114329272876     
   2.0000000000000000        3900000.0000000000       -6.0415589654731967       -6.3813232760829957     
   2.0000000000000000        3920000.0000000000       -6.0417308727414039       -5.3029303289250533     
   1.0000000000000000        3940000.0000000000       -5.6865028039647152       -6.9317323604270422     
   1.0000000000000000        3960000.0000000000       -5.6863163749055499       -5.6104437137154264     
   2.0000000000000000        3980000.0000000000       -6.0429704113079152       -6.1876109578966760     
   1.0000000000000000        4000000.0000000000       -5.6862292604444793       -4.4450542417082364     
   1.0000000000000000        4020000.0000000000       -5.6862201209965804       -5.7207808624594012     
   1.0000000000000000        4040000.0000000000       -5.6862382633535891       -5.3137916827317886     
   2.0000000000000000        4060000.0000000000       -6.0441685850612075       -4.9742733749314647     
   2.0000000000000000        4080000.0000000000       -6.0444559469778891       -6.4683086874923532     
   2.0000000000000000        4100000.0000000000       -6.0448125090193594       -6.2223826055886056     
   1.0000000000000000        4120000.0000000000       -5.6864576937255951       -6.0686052062852660     
   2.0000000000000000        4140000.0000000000       -6.0456047563263180       -6.6564973247256312     
   2.0000000000000000        4160000.0000000000       -6.0460673434330880       -4.8734597542035090     
   1.0000000000000000        4180000.0000000000       -5.6863440937768042       -5.2393920825751303     
   2.0000000000000000        4200000.0000000000       -6.0464184860997880       -5.7772646972379089     
   2.0000000000000000        4220000.0000000000       -6.0465449356220029       -5.3667162052403681     
   1.0000000000000000        4240000.0000000000       -5.6863547173345985       -5.5863552632178681     
   2.0000000000000000        4260000.0000000000       -6.0469116645257319       -5.6801945912822349     
   2.0000000000000000        4280000.0000000000       -6.0470544753048872       -6.4530738309894060     
   2.0000000000000000        4300000.0000000000       -6.0473187987491333       -5.5312458267634987     
   1.0000000000000000        4320000.0000000000       -5.6868563513378350       -4.8563465126689120     
   1.0000000000000000        4340000.0000000000       -5.6869193479770574       -5.6050097754982984     
   2.0000000000000000        4360000.0000000000       -6.0478836986083930       -6.5657983294198665     
   1.0000000000000000        4380000.0000000000       -5.6869700739465765       -6.0825446224387889     
   1.0000000000000000        4400000.0000000000       -5.6869943687666629       -5.2245557165505838     
   1.0000000000000000        4420000.0000000000       -5.6870947377582697       -5.7224357940706838     
   1.0000000000000000        4440000.0000000000       -5.6871973049731501       -5.7172315789559010     
   1.0000000000000000        4460000.0000000000       -5.6874749484419018       -5.0254792781893265     
   2.0000000000000000        4480000.0000000000       -6.0484662405898257       -5.6346526314165919     
   2.0000000000000000        4500000.0000000000       -6.0484603682639078       -6.2250693483313171     
   1.0000000000000000        4520000.0000000000       -5.6877685243517089       -5.1952489661944572     
   2.0000000000000000        4540000.0000000000       -6.0485178871622693       -6.0315049086267321     
   1.0000000000000000        4560000.0000000000       -5.6878052568737232       -5.4741609387956096     
   2.0000000000000000        4580000.0000000000       -6.0487318745205263       -6.2270141435431885     
   2.0000000000000000        4600000.0000000000       -6.0488298672051632       -6.5389643636750225     
   1.0000000000000000        4620000.0000000000       -5.6883795389112297       -5.6876986222335457     
   1.0000000000000000        4640000.0000000000       -5.6885325261523247       -5.9257126630160668     
   2.0000000000000000        4660000.0000000000       -6.0489622048335416       -5.3585154077352559     
   1.0000000000000000        4680000.0000000000       -5.6886812055781748       -5.1958338754551505     
   1.0000000000000000        4700000.0000000000       -5.6887347054206909       -2.7937723627756124     
   2.0000000000000000        4720000.0000000000       -6.0491661544158957       -6.2169698163894704     
   1.0000000000000000        4740000.0000000000       -5.6888713185846989       -5.6711603031952933     
   2.0000000000000000        4760000.0000000000       -6.0494403902389795       -5.8374780108743440     
   2.0000000000000000        4780000.0000000000       -6.0496421694818387       -6.4451714758893246     
   1.0000000000000000        4800000.0000000000       -5.6886905473987115       -4.5766079702248490     
   2.0000000000000000        4820000.0000000000       -6.0498686621426403       -5.9008800099578265     
   1.0000000000000000        4840000.0000000000       -5.6883599664370887       -6.5414593260401732     
   1.0000000000000000        4860000.0000000000       -5.6883990182387363       -6.1792667816336007     
   1.0000000000000000        4880000.0000000000       -5.6884146024492992       -5.3303994508120178     
   2.0000000000000000        4900000.0000000000       -6.0505675638348810       -6.0904049742769875     
   2.0000000000000000        4920000.0000000000       -6.0507160772284010       -6.6700915029891163     
   1.0000000000000000        4940000.0000000000       -5.6882116297705165       -5.7116002514103776     
   2.0000000000000000        4960000.0000000000       -6.0512094497841877       -6.6570112729766837     
   1.0000000000000000        4980000.0000000000       -5.6880424153429541       -5.2303405391453106     
   1.0000000000000000        5000000.0000000000       -5.6879041004936717       -5.8447811758343189     
   1.0000000000000000        5020000.0000000000       -5.6878333903679614       -6.2392508972788292     
   1.0000000000000000        5040000.0000000000       -5.6879181942560848       -5.5056984759456764     
   1.0000000000000000        5060000.0000000000       -5.6878999865180386       -5.0628604654186704     
   1.0000000000000000        5080000.0000000000       -5.6877738164488179       -5.3340531076609086     
   1.0000000000000000        5100000.0000000000       -5.6875619732985063       -5.7322800580652000     
   1.0000000000000000        5120000.0000000000       -5.6873217868874182       -4.8402373014972770     
   2.0000000000000000        5140000.0000000000       -6.0526388869423400       -6.6303113932917412     
   1.0000000000000000        5160000.0000000000       -5.6870890167134025       -5.7711318073588922     
   1.0000000000000000        5180000.0000000000       -5.6870709430356374       -5.8276609539966326     
   2.0000000000000000        5200000.0000000000       -6.0530312092372460       -4.7451298645145643     
   1.0000000000000000        5220000.0000000000       -5.6870593107501852       -4.2394790347359939     
   2.0000000000000000        5240000.0000000000       -6.0535841582029981       -7.2060542438487047     
   1.0000000000000000        5260000.0000000000       -5.6870788082089971       -5.5405844464847851     
   1.0000000000000000        5280000.0000000000       -5.6870526611872210       -4.2205218977301024     
   2.0000000000000000        5300000.0000000000       -6.0540581795359349       -5.5900809922960732     
   1.0000000000000000        5320000.0000000000       -5.6868833516487802       -6.2371143359661207     
   1.0000000000000000        5340000.0000000000       -5.6869160684493441       -5.1567939480646450     
   1.0000000000000000        5360000.0000000000       -5.6870012937876027       -5.0423059393492506     
   2.0000000000000000        5380000.0000000000       -6.0547878724254121       -6.8962536742955072     
   1.0000000000000000        5400000.0000000000       -5.6868279160522368       -5.4429458424698343     
   2.0000000000000000        5420000.0000000000       -6.0551023478012480       -6.3366587364707403     
   1.0000000000000000        5440000.0000000000       -5.6868332907287620       -5.4671236035973658     
   1.0000000000000000        5460000.0000000000       -5.6866808539550213       -6.1615026562700148     
   1.0000000000000000        5480000.0000000000       -5.6866065155544216       -5.3743761716780316     
   1.0000000000000000        5500000.0000000000       -5.6865281480623198       -6.0288584106571337     
   2.0000000000000000        5520000.0000000000       -6.0553152092529148       -6.1455739512412917     
   1.0000000000000000        5540000.0000000000       -5.6865031075845218       -4.8992881115736751     
   1.0000000000000000        5560000.0000000000       -5.6864288741943225       -4.9480839931302132     
   1.0000000000000000        5580000.0000000000       -5.6864324648775009       -5.2407495644853608     
   2.0000000000000000        5600000.0000000000       -6.0555687988418034       -6.2433650554272724     
   2.0000000000000000        5620000.0000000000       -6.0556571069104272       -5.7292889911940250     
   1.0000000000000000        5640000.0000000000       -5.6861884055071572       -6.5310696273030242     
   1.0000000000000000        5660000.0000000000       -5.6861449374631690       -5.3390222083197711     
   1.0000000000000000        5680000.0000000000       -5.6862945772024025       -5.7470856370445897     
   2.0000000000000000        5700000.0000000000       -6.0564674091008728       -6.8752909694672333     
   2.0000000000000000        5720000.0000000000       -6.0566322575124838       -5.8092059388353734     
   2.0000000000000000        5740000.0000000000       -6.0567619437944060       -5.9968109431992191     
   1.0000000000000000        5760000.0000000000       -5.6867638720850264       -5.9917545755290762     
   1.0000000000000000        5780000.0000000000       -5.6867897050538270       -5.9647848958421470     
   1.0000000000000000        5800000.0000000000       -5.6869108032167528       -6.2614537168339215     
   1.0000000000000000        5820000.0000000000       -5.6870338044928150       -6.0990675132007066     
   1.0000000000000000        5840000.0000000000       -5.6871532489957435       -5.6166840026724314     
   1.0000000000000000        5860000.0000000000       -5.6873081262114873       -6.1486206032211594     
   2.0000000000000000        5880000.0000000000       -6.0576853411555671       -6.4280571801254105     
   1.0000000000000000        5900000.0000000000       -5.6875856910369853       -4.0664419482179870     
   1.0000000000000000        5920000.0000000000       -5.6875755308442102       -6.0119906895119817     
   2.0000000000000000        5940000.0000000000       -6.0582619415801959       -5.6506285212407068     
   1.0000000000000000        5960000.0000000000       -5.6875966530908340       -6.0385681147562309     
   1.0000000000000000        5980000.0000000000       -5.6877440534911745       -5.2737633307144094     
   2.0000000000000000        6000000.0000000000       -6.0585716709910837       -6.0714912648819386     
   1.0000000000000000        6020000.0000000000       -5.6878283203467870       -6.1144758984086858     
   2.0000000000000000        6040000.0000000000       -6.0588566945821709       -6.6649488249285422     
   1.0000000000000000        6060000.0000000000       -5.6878860445196979       -6.1291773698005594     
   2.0000000000000000        6080000.0000000000       -6.0591345202594526       -6.4466111774210564     
   1.0000000000000000        6100000.0000000000       -5.6878608636687664       -5.3732793746909344     
   1.0000000000000000        6120000.0000000000       -5.6878157944021597       -6.7746715784272462     
   2.0000000000000000        6140000.0000000000       -6.0594367321939364       -6.8301849521602493     
   1.0000000000000000        6160000.0000000000       -5.6877229481069183       -5.3492273882408137     
   2.0000000000000000        6180000.0000000000       -6.0597960332713328       -5.5630986632066310     
   2.0000000000000000        6200000.0000000000       -6.0599696925596120       -6.0730753791120886     
   2.0000000000000000        6220000.0000000000       -6.0601271072567542       -6.2390935679473714     
   2.0000000000000000        6240000.0000000000       -6.0602995023653952       -6.0068932652751501     
   2.0000000000000000        6260000.0000000000       -6.0604808847357843       -6.6057204908841092     
   2.0000000000000000        6280000.0000000000       -6.0605783926612338       -6.8253323088161428     
   1.0000000000000000        6300000.0000000000       -5.6872734276565700       -5.2320930598944040     
   2.0000000000000000        6320000.0000000000       -6.0607261299932862       -5.7942488378009598     
   1.0000000000000000        6340000.0000000000       -5.6870538269269728       -5.5533522789138061     
   2.0000000000000000        6360000.0000000000       -6.0608797608127416       -5.5077372085423901     
   1.0000000000000000        6380000.0000000000       -5.6870406380518128       -5.8053065183463062     
   1.0000000000000000        6400000.0000000000       -5.6870419089084052       -4.6986723350559290     
   1.0000000000000000        6420000.0000000000       -5.6871162789035425       -6.5402627699859641     
   2.0000000000000000        6440000.0000000000       -6.0611297910592858       -6.4966253495362061     
   2.0000000000000000        6460000.0000000000       -6.0612329814214263       -6.5641171350407737     
   1.0000000000000000        6480000.0000000000       -5.6872958871491894       -4.6571432580529883     
   1.0000000000000000        6500000.0000000000       -5.6873517256649491       -6.0061862368890049     
   1.0000000000000000        6520000.0000000000       -5.6873042525720852       -5.8758715894901856     
   1.0000000000000000        6540000.0000000000       -5.6872456298716498       -5.8738846133423781     
   1.0000000000000000        6560000.0000000000       -5.6872364508482232       -6.4225218537036870     
   2.0000000000000000        6580000.0000000000       -6.0618539010536994       -6.0029642430361498     
   2.0000000000000000        6600000.0000000000       -6.0619538012870233       -6.3165659004779426     
   2.0000000000000000        6620000.0000000000       -6.0620305096397029       -6.3721487827698535     
   1.0000000000000000        6640000.0000000000       -5.6868398849332671       -4.4923795082741487     
   1.0000000000000000        6660000.0000000000       -5.6866691749125593       -6.7705084696892728     
   2.0000000000000000        6680000.0000000000       -6.0623069478620542       -5.2966036690265161     
   1.0000000000000000        6700000.0000000000       -5.6863629173772630       -6.2348318801324432     
   1.0000000000000000        6720000.0000000000       -5.6862666004367819       -5.7264050003086222     
   2.0000000000000000        6740000.0000000000       -6.0623542388179397       -6.0438420346515436     
   2.0000000000000000        6760000.0000000000       -6.0623568256049563       -5.6712382610006795     
   1.0000000000000000        6780000.0000000000       -5.6859823648898402       -4.7878782749274720     
   1.0000000000000000        6800000.0000000000       -5.6859329196255803       -5.9483643162321398     
   1.0000000000000000        6820000.0000000000       -5.6858364840184556       -6.5760477993558366     
   2.0000000000000000        6840000.0000000000       -6.0627669371874742       -5.7840691430266729     
   1.0000000000000000        6860000.0000000000       -5.6856376978553351       -5.7149765244214610     
   1.0000000000000000        6880000.0000000000       -5.6856490688377699       -6.5087075647594599     
   2.0000000000000000        6900000.0000000000       -6.0630212804275567       -5.9680933640228853     
   1.0000000000000000        6920000.0000000000       -5.6855485758045647       -5.6415455203681972     
   2.0000000000000000        6940000.0000000000       -6.0632192794139730       -6.2465606921029364     
   1.0000000000000000        6960000.0000000000       -5.6854856310117530       -6.2659201465477796     
   2.0000000000000000        6980000.0000000000       -6.0633931357221158       -6.8302831685943701     
   1.0000000000000000        7000000.0000000000       -5.6853355182113576       -5.6088688247155289     
   2.0000000000000000        7020000.0000000000       -6.0634722423175722       -5.5192267306842568     
   2.0000000000000000        7040000.0000000000       -6.0635688129175307       -5.5971416241021403     
   1.0000000000000000        7060000.0000000000       -5.6852010404969402       -5.5482270968969987     
   1.0000000000000000        7080000.0000000000       -5.6850900921236631       -5.9772103751435992     
   1.0000000000000000        7100000.0000000000       -5.6850760837807144       -6.2899345587056636     
   2.0000000000000000        7120000.0000000000       -6.0637711730395560       -6.4552685484091441     
   1.0000000000000000        7140000.0000000000       -5.6849712174609630       -4.3770106520951808     
   2.0000000000000000        7160000.0000000000       -6.0638576705801865       -6.7526014922915971     
   2.0000000000000000        7180000.0000000000       -6.0637926947358549       -6.6294831484148897     
   1.0000000000000000        7200000.0000000000       -5.6848162869661190       -5.8672492203047728     
   2.0000000000000000        7220000.0000000000       -6.0637111273018904       -6.0809098065669387     
   2.0000000000000000        7240000.0000000000       -6.0636685068614229       -5.6994701703978619     
   2.0000000000000000        7260000.0000000000       -6.0637418369484788       -7.1507324207095815     
   1.0000000000000000        7280000.0000000000       -5.6845008024779622       -4.8628668267046047     
   2.0000000000000000        7300000.0000000000       -6.0640410288618360       -6.6902824124377771     
   1.0000000000000000        7320000.0000000000       -5.6846211814312237       -5.6587371151518910     
   2.0000000000000000        7340000.0000000000       -6.0640664734998939       -5.7785968120744107     
   1.0000000000000000        7360000.0000000000       -5.6845180042253478       -5.7999204996214848     
   2.0000000000000000        7380000.0000000000       -6.0639678132196213       -5.2746871448801871     
   2.0000000000000000        7400000.0000000000       -6.0640228101260494       -6.5434347659631511     
   2.0000000000000000        7420000.0000000000       -6.0640944447167540       -7.0237612714172917     
   1.0000000000000000        7440000.0000000000       -5.6845003318837275       -6.1175601845896797     
   2.0000000000000000        7460000.0000000000       -6.0642258121782167       -6.3835548273330618     
   1.0000000000000000        7480000.0000000000       -5.6848180568373907       -6.6043412610299459     
   2.0000000000000000        7500000.0000000000       -6.0641819355483841       -5.3077506211935388     
   2.0000000000000000        7520000.0000000000       -6.0641625508555350       -6.3767780348352652     
   2.0000000000000000        7540000.0000000000       -6.0642041898100052       -6.7684938839704376     
   2.0000000000000000        7560000.0000000000       -6.0642230984001424       -6.3658379861663335     
   2.0000000000000000        7580000.0000000000       -6.0642957553288079       -5.5183572044917799     
   1.0000000000000000        7600000.0000000000       -5.6851122191202750       -6.4693375107744222     
   1.0000000000000000        7620000.0000000000       -5.6851324046942135       -5.2941884652778919     
   2.0000000000000000        7640000.0000000000       -6.0643125212817113       -6.5528559421511234     
   2.0000000000000000        7660000.0000000000       -6.0642873667072044       -5.6613793481570731     
   2.0000000000000000        7680000.0000000000       -6.0641706722550897       -6.1224769618886992     
   2.0000000000000000        7700000.0000000000       -6.0640679974697393       -6.3157805746724041     
   1.0000000000000000        7720000.0000000000       -5.6854618439027886       -6.5786689573055668     
   1.0000000000000000        7740000.0000000000       -5.6855627175699261       -5.9542339473471007     
   1.0000000000000000        7760000.0000000000       -5.6856795889861917       -5.5951999155521204     
   2.0000000000000000        7780000.0000000000       -6.0636525560993713       -6.7481462061323869     
   1.0000000000000000        7800000.0000000000       -5.6856318618314390       -5.7731947053840038     
   1.0000000000000000        7820000.0000000000       -5.6856103695552429       -4.1762966314456254     
   2.0000000000000000        7840000.0000000000       -6.0633661720083785       -5.8861609659955336     
   1.0000000000000000        7860000.0000000000       -5.6856802304823990       -6.4111957626397560     
   1.0000000000000000        7880000.0000000000       -5.6857796237322393       -6.1661009153591717     
   1.0000000000000000        7900000.0000000000       -5.6857696791768513       -6.5997237689172188     
   2.0000000000000000        7920000.0000000000       -6.0633238776230023       -6.3831952402612231     
   1.0000000000000000        7940000.0000000000       -5.6858113912346475       -5.6290458757726016     
   1.0000000000000000        7960000.0000000000       -5.6858194306270091       -5.7419664696685455     
   2.0000000000000000        7980000.0000000000       -6.0635258764122382       -6.0662798056114333     
   1.0000000000000000        8000000.0000000000       -5.6859458642719369       -5.8776494428499193     
   1.0000000000000000        8020000.0000000000       -5.6859710136526695       -5.0403820987395918     
   1.0000000000000000        8040000.0000000000       -5.6859172983142425       -5.8964622870341428     
   1.0000000000000000        8060000.0000000000       -5.6859428559889293       -5.8622034714724069     
   2.0000000000000000        8080000.0000000000       -6.0638200078284541       -6.2822892655587079     
   1.0000000000000000        8100000.0000000000       -5.6858011391368963       -5.6897652813772401     
   2.0000000000000000        8120000.0000000000       -6.0638998755076017       -6.3727988063557719     
   2.0000000000000000        8140000.0000000000       -6.0639093645193851       -4.2602521842232459     
   1.0000000000000000        8160000.0000000000       -5.6859578250167919       -5.6799434489855738     
   2.0000000000000000        8180000.0000000000       -6.0640225724465324       -6.5384264112877162     
   1.0000000000000000        8200000.0000000000       -5.6859676030411679       -5.3672785951688180     
   2.0000000000000000        8220000.0000000000       -6.0641766370673960       -6.6771436477592685     
   1.0000000000000000        8240000.0000000000       -5.6859651516634511       -4.0006281462588600     
   1.0000000000000000        8260000.0000000000       -5.6859379879049499       -5.4724871504172068     
   1.0000000000000000        8280000.0000000000       -5.6858671000947361       -5.4558062577018696     
   2.0000000000000000        8300000.0000000000       -6.0645724998301409       -6.3690676784032085     
   2.0000000000000000        8320000.0000000000       -6.0647354286256379       -6.0526040748996675     
   2.0000000000000000        8340000.0000000000       -6.0648267354605254       -6.4940081970299781     
   2.0000000000000000        8360000.0000000000       -6.0648731966940153       -6.2792292505858054     
   1.0000000000000000        8380000.0000000000       -5.6857931131662411       -4.5034709581760906     
   1.0000000000000000        8400000.0000000000       -5.6858034113025724       -6.2733463416031334     
   1.0000000000000000        8420000.0000000000       -5.6858196882933916       -6.5115653384705601     
   1.0000000000000000        8440000.0000000000       -5.6859187081144071       -5.3892896621562629     
   2.0000000000000000        8460000.0000000000       -6.0652667748970117       -5.0887011580997639     
   2.0000000000000000        8480000.0000000000       -6.0653433891537958       -5.6071487139518119     
   1.0000000000000000        8500000.0000000000       -5.6859994259252016       -5.8126551909282114     
   2.0000000000000000        8520000.0000000000       -6.0654677017616789       -6.6120750882786901     
   1.0000000000000000        8540000.0000000000       -5.6859283924255317       -6.1827052367582684     
   2.0000000000000000        8560000.0000000000       -6.0655985154737531       -6.3609006385920237     
   1.0000000000000000        8580000.0000000000       -5.6857885720924255       -5.4779841005350418     
   2.0000000000000000        8600000.0000000000       -6.0656522084061963       -6.2488293849619909     
   1.0000000000000000        8620000.0000000000       -5.6858645215271588       -6.2500870297985269     
   1.0000000000000000        8640000.0000000000       -5.6859723266118509       -5.9622257371903435     
   1.0000000000000000        8660000.0000000000       -5.6860236882482242       -5.9869593894735358     
   1.0000000000000000        8680000.0000000000       -5.6859905274011746       -5.9956906893748041     
   1.0000000000000000        8700000.0000000000       -5.6859503354942476       -5.9751027571143620     
   2.0000000000000000        8720000.0000000000       -6.0661309970397346       -6.3463055546161584     
   2.0000000000000000        8740000.0000000000       -6.0662036908073595       -6.2589477123181521     
   2.0000000000000000        8760000.0000000000       -6.0662420973042348       -6.7045621785713267     
   1.0000000000000000        8780000.0000000000       -5.6859192656067927       -5.9151201573501577     
   1.0000000000000000        8800000.0000000000       -5.6859806618033284       -5.8246295338404321     
   1.0000000000000000        8820000.0000000000       -5.6859993412552061       -5.8388621288972926     
   1.0000000000000000        8840000.0000000000       -5.6860844972720876       -4.3270404923953274     
   1.0000000000000000        8860000.0000000000       -5.6862485257874109       -6.1869673355767523     
   1.0000000000000000        8880000.0000000000       -5.6864101215686444       -6.9119105885440932     
   2.0000000000000000        8900000.0000000000       -6.0666675087268569       -6.2962831541298758     
   1.0000000000000000        8920000.0000000000       -5.6865840433689545       -6.1999518953248556     
   2.0000000000000000        8940000.0000000000       -6.0668504670443699       -5.8755128665244492     
   2.0000000000000000        8960000.0000000000       -6.0669671520970425       -6.2226185388489235     
   1.0000000000000000        8980000.0000000000       -5.6866318946138925       -4.9692866085331371     
   1.0000000000000000        9000000.0000000000       -5.6866677340727083       -4.9111399080048814     
   2.0000000000000000        9020000.0000000000       -6.0672058218062803       -4.2083933570249776     
   2.0000000000000000        9040000.0000000000       -6.0672078270562029       -6.0514030930690463     
   1.0000000000000000        9060000.0000000000       -5.6867257566929714       -6.1505092243915325     
   1.0000000000000000        9080000.0000000000       -5.6867113388917501       -5.3656715342556502     
   2.0000000000000000        9100000.0000000000       -6.0671815569430558       -6.4682874680731324     
   1.0000000000000000        9120000.0000000000       -5.6866937022295074       -5.6297047218380429     
   1.0000000000000000        9140000.0000000000       -5.6866657733579293       -5.9526886246748605     
   1.0000000000000000        9160000.0000000000       -5.6866646630402560       -5.7152448966220124     
   1.0000000000000000        9180000.0000000000       -5.6866487210763497       -6.0892763267360817     
   1.0000000000000000        9200000.0000000000       -5.6865963870282794       -5.0388311853358676     
   1.0000000000000000        9220000.0000000000       -5.6865286411484419       -5.9268702021396615     
   1.0000000000000000        9240000.0000000000       -5.6864838348381639       -5.7242901436922313     
   1.0000000000000000        9260000.0000000000       -5.6864260268771751       -6.4308193078895357     
   1.0000000000000000        9280000.0000000000       -5.6864285800444287       -4.5659168291468619     
   2.0000000000000000        9300000.0000000000       -6.0671556926663683       -6.7227325333370542     
   1.0000000000000000        9320000.0000000000       -5.6863728406735152       -6.4710832085490750     
   2.0000000000000000        9340000.0000000000       -6.0671436062847119       -5.8270222312202256     
   2.0000000000000000        9360000.0000000000       -6.0671143372769247       -6.4872208059061256     
   1.0000000000000000        9380000.0000000000       -5.6863947271698336       -5.3256192613447064     
   1.0000000000000000        9400000.0000000000       -5.6864111939815487       -6.4126609125386436     
   2.0000000000000000        9420000.0000000000       -6.0668784885925806       -6.1990835559556112     
   1.0000000000000000        9440000.0000000000       -5.6865271727507247       -5.6932798168092953     
   2.0000000000000000        9460000.0000000000       -6.0668165634056574       -6.0296181791431112     
   2.0000000000000000        9480000.0000000000       -6.0667636829690768       -6.8067038082621067     
   1.0000000000000000        9500000.0000000000       -5.6865107042863796       -5.4555174059472717     
   2.0000000000000000        9520000.0000000000       -6.0665858533165657       -5.9755512980410943     
   1.0000000000000000        9540000.0000000000       -5.6865367696695239       -5.1721577406108308     
   1.0000000000000000        9560000.0000000000       -5.6865980640269811       -6.5458838343899375     
   2.0000000000000000        9580000.0000000000       -6.0665654634455919       -5.9144639073512835     
   1.0000000000000000        9600000.0000000000       -5.6866734587535639       -5.7115249990641397     
   1.0000000000000000        9620000.0000000000       -5.6866890499872556       -5.5389171005744862     
   1.0000000000000000        9640000.0000000000       -5.6866509861743957       -5.5487790005873192     
   2.0000000000000000        9660000.0000000000       -6.0665458389431581       -5.8754017632333904     
   1.0000000000000000        9680000.0000000000       -5.6866884627076137       -5.9565424162483769     
   2.0000000000000000        9700000.0000000000       -6.0664900631588576       -7.2113538928851710     
   2.0000000000000000        9720000.0000000000       -6.0664290043251672       -6.8419032548527827     
   2.0000000000000000        9740000.0000000000       -6.0663491626363735       -5.3767619037172931     
   2.0000000000000000        9760000.0000000000       -6.0662626867557439       -6.6349971226040658     
   2.0000000000000000        9780000.0000000000       -6.0662173128150734       -4.7366991662251534     
   2.0000000000000000        9800000.0000000000       -6.0661520260490365       -6.4611775738023915     
   1.0000000000000000        9820000.0000000000       -5.6870948208471415       -5.0781833341748772     
   1.0000000000000000        9840000.0000000000       -5.6871386238951782       -5.3453374916341359     
   2.0000000000000000        9860000.0000000000       -6.0661261574640122       -5.1973033331050127     
   2.0000000000000000        9880000.0000000000       -6.0660855909609319       -5.3565288261883390     
   1.0000000000000000        9900000.0000000000       -5.6871678681621667       -7.0121945584502736     
   2.0000000000000000        9920000.0000000000       -6.0660574186756193       -5.9388461616090638     
   2.0000000000000000        9940000.0000000000       -6.0660201379720693       -6.2714752367775404     
   1.0000000000000000        9960000.0000000000       -5.6870677161522174       -6.5593092240759585     
   2.0000000000000000        9980000.0000000000       -6.0658922153690638       -6.6639439797477884     
   2.0000000000000000        10000000.000000000       -6.0658392875733291       -5.2142083514294066     
   2.0000000000000000        10020000.000000000       -6.0658363611452497       -5.5861531426625586     
   2.0000000000000000        10040000.000000000       -6.0658743911318806       -6.1296344600577717     
   2.0000000000000000        10060000.000000000       -6.0659436338762811       -6.9246171830111960     
   1.0000000000000000        10080000.000000000       -5.6871837609405693       -5.9758392345855205     
   2.0000000000000000        10100000.000000000       -6.0660892180290862       -5.7822012273425800     
   1.0000000000000000        10120000.000000000       -5.6871465027168160       -5.4586496664637796     
   1.0000000000000000        10140000.000000000       -5.6870788692195973       -5.8613467312386112     
   1.0000000000000000        10160000.000000000       -5.6870257275957501       -6.4734973762348949     
   2.0000000000000000        10180000.000000000       -6.0660863771200360       -6.6103962906496925     
   1.0000000000000000        10200000.000000000       -5.6868323713406941       -5.3174087200774691     
   1.0000000000000000        10220000.000000000       -5.6868127296107360       -6.7395807228488724     
   1.0000000000000000        10240000.000000000       -5.6868494365348496       -5.4634041668476678     
   2.0000000000000000        10260000.000000000       -6.0659108459530007       -6.2638571075314449     
   2.0000000000000000        10280000.000000000       -6.0659069617510122       -5.2972115469756886     
   1.0000000000000000        10300000.000000000       -5.6869778755774485       -5.4874776197997877     
   1.0000000000000000        10320000.000000000       -5.6870323669585261       -5.8708599801606898     
   2.0000000000000000        10340000.000000000       -6.0658164096657501       -5.4149526811896065     
   1.0000000000000000        10360000.000000000       -5.6872073755442427       -4.9111609705565353     
   2.0000000000000000        10380000.000000000       -6.0657484885206481       -6.1473869486438177     
   1.0000000000000000        10400000.000000000       -5.6873776629921027       -5.2379670712492459     
   2.0000000000000000        10420000.000000000       -6.0657671644373536       -5.9910528533104044     
   1.0000000000000000        10440000.000000000       -5.6874891385571003       -5.9803999653565496     
   1.0000000000000000        10460000.000000000       -5.6875658880158202       -5.7303483904812245     
   1.0000000000000000        10480000.000000000       -5.6876468132042008       -5.7540425242572395     
   1.0000000000000000        10500000.000000000       -5.6877277232298935       -6.0666706439375560     
   2.0000000000000000        10520000.000000000       -6.0658001351861381       -5.1646486764258306     
   2.0000000000000000        10540000.000000000       -6.0657936263546279       -6.3915073543567313     
   2.0000000000000000        10560000.000000000       -6.0658244086794353       -5.6136753277618219     
   2.0000000000000000        10580000.000000000       -6.0658556929007554       -5.6892198062560215     
   1.0000000000000000        10600000.000000000       -5.6877843623637085       -4.7420823126453788     
   2.0000000000000000        10620000.000000000       -6.0658362316138437       -4.9014035692450575     
   2.0000000000000000        10640000.000000000       -6.0658356238546434       -6.9880923242334347     
   2.0000000000000000        10660000.000000000       -6.0658789864008931       -5.8372702572141044     
   2.0000000000000000        10680000.000000000       -6.0658672786023091       -5.9485869664661646     
   2.0000000000000000        10700000.000000000       -6.0658700916397121       -5.7278395659701031     
   2.0000000000000000        10720000.000000000       -6.0658296810703991       -6.3561192452556288     
   1.0000000000000000        10740000.000000000       -5.6883718303665409       -5.4685586802389050     
   2.0000000000000000        10760000.000000000       -6.0657459546251378       -5.0528519616628556     
   2.0000000000000000        10780000.000000000       -6.0656959645863502       -4.8928523434438969     
   2.0000000000000000        10800000.000000000       -6.0655941307179750       -4.9848528762198585     
   1.0000000000000000        10820000.000000000       -5.6886424743776418       -5.8032814699714885     
   1.0000000000000000        10840000.000000000       -5.6887150007492666       -5.9764989431058737     
   1.0000000000000000        10860000.000000000       -5.6887779057167833       -4.8467470732611266     
   1.0000000000000000        10880000.000000000       -5.6888545085791247       -5.7223850189014875     
   2.0000000000000000        10900000.000000000       -6.0653252164171256       -6.0768633185765859     
   1.0000000000000000        10920000.000000000       -5.6889470604138843       -5.2341721910644505     
   2.0000000000000000        10940000.000000000       -6.0653447948632691       -5.7812764935639613     
   2.0000000000000000        10960000.000000000       -6.0653579239266033       -6.3555452630485405     
   2.0000000000000000        10980000.000000000       -6.0653246156064178       -5.6030456529922965     
   1.0000000000000000        11000000.000000000       -5.6891059163683178       -6.5989447247988950     
   1.0000000000000000        11020000.000000000       -5.6891573063694105       -5.8133379525898086     
   2.0000000000000000        11040000.000000000       -6.0650784344536826       -6.9621459866374877     
   1.0000000000000000        11060000.000000000       -5.6892099303761032       -6.4952538100957247     
   1.0000000000000000        11080000.000000000       -5.6892181293761377       -5.9130312159255256     
   1.0000000000000000        11100000.000000000       -5.6892405420340646       -4.1574073740662083     
   2.0000000000000000        11120000.000000000       -6.0647734773761055       -5.9444441843525677     
   1.0000000000000000        11140000.000000000       -5.6892765709405424       -5.7244912153185084     
   2.0000000000000000        11160000.000000000       -6.0647751872580713       -6.2134994702147210     
   2.0000000000000000        11180000.000000000       -6.0647757997334351       -6.6348602349017423     
   1.0000000000000000        11200000.000000000       -5.6894146181423153       -6.3919636343201507     
   1.0000000000000000        11220000.000000000       -5.6894231911014357       -5.2467496045520345     
   2.0000000000000000        11240000.000000000       -6.0646537736031947       -6.7736773521904592     
   2.0000000000000000        11260000.000000000       -6.0646022302198181       -6.6697177109634085     
   1.0000000000000000        11280000.000000000       -5.6895051345954846       -6.1495454339533548     
   1.0000000000000000        11300000.000000000       -5.6894858624675386       -6.2498180997070749     
   2.0000000000000000        11320000.000000000       -6.0645445135141696       -5.9319225222259915     
   1.0000000000000000        11340000.000000000       -5.6894798048065933       -5.5235937634144419     
   2.0000000000000000        11360000.000000000       -6.0645699711709140       -5.7095702278496621     
   2.0000000000000000        11380000.000000000       -6.0645903660948663       -6.1600711376708297     
   1.0000000000000000        11400000.000000000       -5.6894160216713212       -5.7642017928633758     
   2.0000000000000000        11420000.000000000       -6.0645238033135991       -5.1968663217598792     
   1.0000000000000000        11440000.000000000       -5.6894552341429367       -6.1598210993043789     
   1.0000000000000000        11460000.000000000       -5.6894716119054989       -6.0234704594430388     
   2.0000000000000000        11480000.000000000       -6.0643470157036319       -5.9442045661324743     
   1.0000000000000000        11500000.000000000       -5.6894985824224857       -5.1869581732366861     
   2.0000000000000000        11520000.000000000       -6.0643245180792844       -5.9809972657243335     
   1.0000000000000000        11540000.000000000       -5.6895083699778928       -4.5262406643253641     
   2.0000000000000000        11560000.000000000       -6.0643257054480184       -6.3241807215493395     
   1.0000000000000000        11580000.000000000       -5.6895291273063640       -4.2613504193147911     
   1.0000000000000000        11600000.000000000       -5.6895117477432997       -5.1521403004024391     
   2.0000000000000000        11620000.000000000       -6.0643604227119923       -5.7660253382616720     
   2.0000000000000000        11640000.000000000       -6.0644139303258653       -6.5070204334449793     
   1.0000000000000000        11660000.000000000       -5.6893886053466636       -6.0232212639136851     
   1.0000000000000000        11680000.000000000       -5.6893345398393773       -5.7999200307557945     
   1.0000000000000000        11700000.000000000       -5.6893690311170708       -5.7758903542748294     
   1.0000000000000000        11720000.000000000       -5.6893991701109208       -6.1598649494462423     
   2.0000000000000000        11740000.000000000       -6.0647594214403089       -5.5645228514585847     
   2.0000000000000000        11760000.000000000       -6.0648131816456656       -6.7349562622703640     
   2.0000000000000000        11780000.000000000       -6.0648497688204666       -4.9532924921024248     
   1.0000000000000000        11800000.000000000       -5.6894506386643329       -5.3430061320711673     
   2.0000000000000000        11820000.000000000       -6.0650272908598586       -6.1516765416410912     
   1.0000000000000000        11840000.000000000       -5.6895308783757965       -4.6407068658310227     
   2.0000000000000000        11860000.000000000       -6.0651121078548424       -6.3114725424194402     
   1.0000000000000000        11880000.000000000       -5.6897020041946877       -5.8121854767018366     
   1.0000000000000000        11900000.000000000       -5.6897592837953042       -5.2005097158596403     
   1.0000000000000000        11920000.000000000       -5.6898089508704128       -5.6656967788835599     
   2.0000000000000000        11940000.000000000       -6.0655186778555521       -5.7336915172214296     
   1.0000000000000000        11960000.000000000       -5.6898842787940573       -6.0836433426649670     
   1.0000000000000000        11980000.000000000       -5.6898651384953620       -5.5017229601685509     
   2.0000000000000000        12000000.000000000       -6.0657194232464073       -5.2191260171078779     
   2.0000000000000000        12020000.000000000       -6.0657929592293574       -5.0364222408966803     
   1.0000000000000000        12040000.000000000       -5.6899904405477990       -4.5509012583783859     
   2.0000000000000000        12060000.000000000       -6.0658236675087922       -5.3338043234300407     
   1.0000000000000000        12080000.000000000       -5.6899691747819805       -6.1757708856652256     
   2.0000000000000000        12100000.000000000       -6.0659952899380594       -6.2458406206010819     
   2.0000000000000000        12120000.000000000       -6.0660679325429143       -5.8105874584982411     
   1.0000000000000000        12140000.000000000       -5.6898624360705616       -4.8872303074228558     
   2.0000000000000000        12160000.000000000       -6.0663009770111698       -5.4644009351236500     
   2.0000000000000000        12180000.000000000       -6.0663629494526043       -6.1941110393840679     
   2.0000000000000000        12200000.000000000       -6.0664081844570568       -5.5898892188725506     
