		   1 ;   2.2068717902442923      ;  0.11132200293997016      ;   31.566654567604868      ;
           1 ;   34.434202383259176      ;   33.613445282056993      ;   34.775273071577182      ;
           1 ;   29.621175186739478      ;   32.229530698310043      ;   2.6656584984163065      ;
           1 ;   34.196189731975068      ;   2.5645373453162201      ;   12.847181733474649      ;
           1 ;   31.156248445351618      ;   27.076180194069320      ;   19.595991298913773      ;
           1 ;   34.111712912079113      ;   1.2287497360611359      ;   19.788360947581658      ;
           1 ;  0.68977297330911214      ;   2.7760786657479857      ;   16.992541164757121      ;
           1 ;   1.6904399371862293      ;   1.8924305770486298      ;   25.100585876371554      ;
           1 ;   3.1285361568666490      ;   31.468727092846461      ;   30.691480533965212      ;
           1 ;   5.6567795269341801      ;  0.34884162230601840      ;   31.824665251701415      ;
           1 ;   32.509261498915265      ;   5.0709257637171472      ;   33.715097302262997      ;
           1 ;   4.3188756102781731      ;   4.0782875982929525      ;   1.7625062673827898      ;
           1 ;   34.214257184592277      ;   6.5779681224352702      ;   11.608270064025479      ;
           1 ;   30.439346139927110      ;   4.4903557606209006      ;   18.284022835207505      ;
           1 ;   32.559044694952242      ;   2.9454675471168601      ;   22.935306189834275      ;
           1 ;   6.5923414594464180      ;   6.4115620373816844      ;   27.695073700699549      ;
           1 ;   33.998771211680072      ;   11.286526444672985      ;   20.625594194900664      ;
           1 ;   3.0909480517014885      ;   7.7547133873844203      ;   21.445974760537229      ;
           1 ;   3.1038977230537830      ;   6.2425838268173104      ;   29.181091367506379      ;
           1 ;   30.329938813173797      ;   34.546122143956275      ;   29.363738516133147      ;
           1 ;   27.938174568997038      ;   10.147742799522243      ;   5.2733142443911021      ;
           1 ;   34.743771992265970      ;   5.6934365010324433      ;   1.4783694021605911      ;
           1 ;   34.004288070506277      ;   8.7776293804840932      ;   2.6840680635324672      ;
           1 ;   32.778504609462949      ;   4.4452416306357279      ;   15.613919552426948      ;
           1 ;  0.16980547535340035      ;   4.9551531275776002      ;   21.075008540469796      ;
           1 ;  0.30072153168744609      ;   17.321173410705722      ;   23.854935468255416      ;
           1 ;   3.3666595659080607      ;   8.8681341185747513      ;   26.564010303210882      ;
           1 ;  0.13616000295265890      ;   6.1134031854915643      ;   31.339733299422953      ;
           1 ;  0.31115569776049351      ;   14.935640111032324      ;   31.950994149406139      ;
           1 ;   32.119488022665408      ;   12.434069996514248      ;   3.2321948233804401      ;
           1 ;  0.96770144546742598      ;   14.048203426401596      ;   6.7043378583142834      ;
           1 ;   1.4088762009915552      ;   11.037222077943824      ;   14.249951821721632      ;
           1 ;   31.196327427858705      ;   16.307356201097704      ;   16.188691103885883      ;
           1 ;   1.7923364671161852      ;   9.0899363049544011      ;   17.628906342174137      ;
           1 ;   5.3853838448639531      ;   9.4159229701504898      ;   23.795173199136098      ;
           1 ;   2.4879000322108746      ;   13.576434218913317      ;   28.948458909697369      ;
           1 ;   4.3380840367291640      ;   4.9382084384007001      ;   25.268693230579881      ;
           1 ;   31.511253700744771      ;   5.5001893369093544      ;   3.4384198569442050      ;
           1 ;   33.201490398034920      ;   15.695652307083568      ;   4.2794651863004258      ;
           1 ;   4.3807899790353444      ;   12.639643661207602      ;   2.1808387999944996      ;
           1 ;   34.422192513957576      ;   9.9896672221202749      ;   6.0944591997568329      ;
           1 ;   4.2994091202907461      ;   10.407730186367576      ;   11.909618472770669      ;
           1 ;   30.013621273401522      ;   13.345119686283017      ;   10.696309566064715      ;
           1 ;   34.140652639506101      ;   18.625174997108044      ;   17.749624444022295      ;
           1 ;   34.775843264570703      ;   20.587028985820346      ;   26.122367373128846      ;
           1 ;   3.4956732495080649      ;   17.557067791952544      ;   30.253111227442606      ;
           1 ;   33.946559076200217      ;   17.809308088587539      ;   1.0468191202779578      ;
           1 ;   6.3301996273985042      ;   17.619772631822407      ;   33.669431012457359      ;
           1 ;   32.688929263970223      ;   20.736907766353859      ;   2.6261261791190504      ;
           1 ;   2.2088343614229586      ;   18.733156185206667      ;   2.3259397909432700      ;
           1 ;   33.484840951888813      ;   17.109540406924861      ;   10.233733192791840      ;
           1 ;   1.8413189729533559      ;   26.549411598657795      ;   15.178997425158531      ;
           1 ;   3.8878703315284575      ;   16.890166487392793      ;   14.521186567387115      ;
           1 ;   32.695296647746183      ;   13.568989753254892      ;   23.581208624657943      ;
           1 ;   3.2847885438768643      ;   19.994307214276894      ;   27.346390943470904      ;
           1 ;  0.98390339732094967      ;   20.277088697020361      ;   30.817908233364125      ;
           1 ;   28.726314207952445      ;   19.797974669310882      ;   29.883898163592541      ;
           1 ;  0.47176858210323391      ;   17.813352411540421      ;   7.2523237032876402      ;
           1 ;   28.647054245058847      ;   22.434433838327319      ;   4.5720872568812858      ;
           1 ;   1.6118880395540489      ;   25.680728750522331      ;   3.0167852981915462      ;
           1 ;   5.5131616796851004      ;   22.202927423169175      ;   4.7171732664046084      ;
           1 ;   3.2947451802298620      ;   23.835173840494317      ;   7.1339483469719278      ;
           1 ;   1.7977054915503332      ;   21.498787557511942      ;   13.500000161750508      ;
           1 ;   32.396678940589446      ;   15.060135460379879      ;   12.930784507473190      ;
           1 ;   1.6983603751689438      ;   23.908702886644377      ;   21.168750527489554      ;
           1 ;   32.688353009341817      ;   22.779389228446608      ;   24.108650115808679      ;
           1 ;   5.8852301277016954      ;   25.802451691383453      ;   32.990474322476516      ;
           1 ;   1.7822498301007903      ;   25.657049584740047      ;   34.242682672825921      ;
           1 ;   33.505625902932785      ;   24.346178469970493      ;   1.1863485191269236      ;
           1 ;   31.382519392509554      ;   23.768972517465222      ;   11.323338699832753      ;
           1 ;   33.315197248481631      ;   27.940693878730766      ;   15.694964577590925      ;
           1 ;  0.99581725408773325      ;   19.846381378516686      ;   20.996409974871444      ;
           1 ;   3.8368934978542559      ;   25.337801475999694      ;   18.731888197221185      ;
           1 ;   6.8694423780684959      ;   21.914105358556746      ;   22.987230102921629      ;
           1 ;   5.3123279570219122      ;   24.818113512343505      ;   22.410622839164457      ;
           1 ;  0.30261151568364375      ;   26.227215629842011      ;   28.772782452051501      ;
           1 ;   31.900943818184281      ;   25.746669430543136      ;   26.967207047901720      ;
           1 ;   2.4652535411530443      ;   27.185926924460233      ;   31.306199054760885      ;
           1 ;  0.12574979869099731      ;   26.085833595750326      ;   7.8102192972428375      ;
           1 ;   3.8106312306827159      ;   26.606107417354764      ;   8.9380376930687540      ;
           1 ;   4.9829483922386517      ;   28.330377041024995      ;   17.218556397561759      ;
           1 ;   4.4329416643554724      ;   28.316541221401355      ;   12.731462420154049      ;
           1 ;   3.2809159492280107      ;   31.027152578176434      ;   19.196724864060286      ;
           1 ;   33.019638327045314      ;   30.372929904079477      ;   12.796474395805635      ;
           1 ;  0.83105284934529244      ;   27.653806279069389      ;   22.391961894683334      ;
           1 ;   32.944182573228453      ;   29.007903554611918      ;   29.364425593547018      ;
           1 ;   30.553483706934863      ;   26.033049480345614      ;   33.534279177695851      ;
           1 ;   33.223517623765446      ;   27.365999222470265      ;   3.4854216147478656      ;
           1 ;   2.7852686106081102      ;   31.640826445681668      ;   2.4703604293237040      ;
           1 ;   9.0544498793773118E-002 ;   30.550426550439077      ;   8.1331185013037945      ;
           1 ;   1.5652835360395367      ;   30.132800272808261      ;   15.391301176309495      ;
           1 ;   2.4349346414833377      ;   29.840649158223325      ;   10.433059884503800      ;
           1 ;  0.47207633240671554      ;   28.492326811138017      ;   18.911379914839362      ;
           1 ;   30.244586874302822      ;   31.997837403524795      ;   23.935890626807190      ;
           1 ;   1.4998872761576176      ;   34.557997827913994      ;   22.531775937113490      ;
           1 ;   6.6390280445444043      ;   30.577814756133023      ;   31.259572132445843      ;
           1 ;  0.42328685336096267      ;   33.958982669766478      ;   27.725649862134890      ;
           1 ;   5.6858723651466203      ;   30.025803752058707      ;   3.0791464175231824      ;
           1 ;   4.1581479565980892      ;   3.0368948665102162      ;   6.4740569255077762      ;
           1 ;   1.4787530762212928      ;   1.4652382034258760      ;   3.0565638559952495      ;
           1 ;   2.4207551427249490      ;   5.5665664500779055      ;   18.025688705912902      ;
           1 ;   2.9281612755063566      ;   32.936201088536819      ;   13.071361931546765      ;
           1 ;   29.919091226739948      ;   32.007206085867850      ;   19.324837933358140      ;
           1 ;   5.7180705626230877      ;   4.9476230199654241      ;   21.141778058131163      ;
           1 ;   4.7224522921796215      ;   1.1078990372417181      ;   23.023040645023762      ;
           1 ;   3.7924065794492452      ;   33.282796206091867      ;   25.958563868781276      ;
           1 ;   9.8338688781983290      ;  0.11443277564069140      ;   30.108078928521991      ;
           1 ;   3.3478003129958482      ;   6.8061772081558241      ;   33.377365036122846      ;
           1 ;   1.5698823787753318      ;   3.9768568128145891      ;   9.6087259739316373      ;
           1 ;   4.8175321734099343      ;   6.2821971918831414      ;   8.2186169974980530      ;
           1 ;   5.4036095108523279      ;   1.5577123993413144      ;   9.7296230048949521      ;
           1 ;   3.9721729844640685      ;   2.3606198969721950      ;   16.131821183128242      ;
           1 ;   5.1107019637475357      ;   8.6347689241749457      ;   18.589773223060014      ;
           1 ;   6.1478335523894474      ;   2.5185675949755448      ;   26.841685744637743      ;
           1 ;   8.6200810109147596      ;   3.8188328693917071      ;   23.984958981871390      ;
           1 ;   1.6132196604808704      ;   2.9071628519635166      ;   33.965421522453845      ;
           1 ;   7.4750639871321578      ;   1.9360618271833239      ;   2.1258345033737993      ;
           1 ;   30.886331814113362      ;   7.8797612893881404      ;  0.79351103970368164      ;
           1 ;   2.2968319242251236      ;   10.686434926965893      ;   4.0694211966772258      ;
           1 ;   1.3074230605005486      ;   9.8906685472407307      ;   9.9057810215406281      ;
           1 ;   4.4793799583292824      ;   11.736562297628250      ;   17.107464358773029      ;
           1 ;   4.6222982219601318      ;   8.3901064694661756      ;   14.963531331856913      ;
           1 ;   33.977396605416430      ;   10.667249985652770      ;   26.048378902090466      ;
           1 ;   7.4344092881818851      ;   7.9465960602798784      ;   20.816684177897823      ;
           1 ;   32.878738469429216      ;   2.0566484659342783      ;   26.408785872174146      ;
           1 ;   6.2746011240735422      ;   7.0811666450221322      ;   30.931812647602392      ;
           1 ;   8.6674752347696433      ;   6.4330901620319763      ;   33.497202227826691      ;
           1 ;   9.1983170513525412      ;   14.755420133769610      ;   3.3101024862243942      ;
           1 ;   34.595403141253456      ;   13.151941611210562      ;  0.32301875358791465      ;
           1 ;   3.6871327991465170      ;   15.215209179835037      ;   8.5357556353664616      ;
           1 ;   11.047918698541107      ;   12.232903525997084      ;   15.322565380221983      ;
           1 ;   1.3946692740330826      ;   13.910399636133508      ;   22.732988759925053      ;
           1 ;   3.1703771493567201      ;   11.436993374286081      ;   20.313711120449984      ;
           1 ;   1.6160006364305792      ;   10.513034604695253      ;   23.198266175288754      ;
           1 ;  0.43862797206166670      ;   5.2377204559054258      ;   24.826255897388780      ;
           1 ;   2.3046992934552399      ;   12.216044938796550      ;   32.483753310030878      ;
           1 ;   34.228446744974875      ;   9.4825132142345634      ;   32.627393747269615      ;
           1 ;   1.7776352241261053      ;   15.248894224370519      ;   3.2787355112001033      ;
           1 ;   2.8011740836519432      ;   13.634311142375049      ;   12.309580801362642      ;
           1 ;   3.9951387066435302      ;   9.7941867567889780      ;   7.3179511327022624      ;
           1 ;   5.9846060926757954      ;   12.874805298441492      ;   9.6010225119192523      ;
           1 ;   3.5302269353771147      ;   15.281301644934215      ;   17.731228905705084      ;
           1 ;   4.1051245933314435      ;   19.565360578223899      ;   16.828215201345671      ;
           1 ;   3.9409681864341866      ;   16.248321459333216      ;   26.280972752800249      ;
           1 ;   5.7152321669019130      ;   10.224161605248726      ;   28.614391442258739      ;
           1 ;   5.8193940418712868      ;   15.175819343879352      ;   30.161052222416370      ;
           1 ;   3.1981840516974964      ;   19.476840884025851      ;   33.761450715606500      ;
           1 ;   6.5773861974406707      ;   21.204635128103490      ;   33.194312137650044      ;
           1 ;   5.9631507117502744      ;   19.840268623564434      ;   1.4531845327656747      ;
           1 ;   5.0933449040271324      ;   20.502510413495607      ;   12.659283540051135      ;
           1 ;   33.764913716928973      ;   20.852852737760500      ;   11.161625700712717      ;
           1 ;   11.880835587317494      ;   17.621140330229935      ;   14.517344188890496      ;
           1 ;  0.82275817340939161      ;   12.655440465787901      ;   17.732025258185143      ;
           1 ;  0.99234768199042489      ;   16.505624508063207      ;   20.278098489965885      ;
           1 ;   3.1580552190136220      ;   22.553742341739241      ;   32.465686958197928      ;
           1 ;   11.729558716361986      ;   16.844338812803663      ;   32.443596680495816      ;
           1 ;  0.27085160556167165      ;   17.580359618556532      ;   28.416982345925781      ;
           1 ;   5.2476838832336510      ;   26.380955019536746      ;   5.0785115567847141      ;
           1 ;   1.8991106864066611      ;   21.266526893837565      ;   5.1006153715168088      ;
           1 ;   8.6844828949981832      ;   21.205610537084077      ;   2.8407579540303192      ;
           1 ;  0.12133817176707851      ;   18.280881410741742      ;   14.292804917851017      ;
           1 ;   7.4784506208931418      ;   17.773979126205912      ;   13.929285155880880      ;
           1 ;   7.2457863629389783      ;   23.655960281709532      ;   18.115978795264368      ;
           1 ;   4.6888597604532958      ;   21.494738783394741      ;   20.067795143705695      ;
           1 ;   8.8936105437427813      ;   19.738917454012427      ;   30.983882751587867      ;
           1 ;   32.891496287055766      ;   22.693521757790062      ;   28.821722476213115      ;
           1 ;   5.8166969603412459      ;   23.620935298260594      ;   1.4998264763017231      ;
           1 ;   34.307418545866838      ;   24.042964574281438      ;   32.161328384571078      ;
           1 ;   4.1574461503691733      ;   23.336605054970246      ;   10.736111219244107      ;
           1 ;   6.5941584128926092      ;   26.288087938661221      ;   14.580903986675597      ;
           1 ;  0.18541395224339174      ;   27.448355871969717      ;   11.843486832663764      ;
           1 ;   4.5745896581864924      ;   23.344490091315684      ;   15.594330897792689      ;
           1 ;  0.83761283875352766      ;   23.720164585524678      ;   17.135546060649055      ;
           1 ;   2.5667916504456918      ;   25.779213433413975      ;   25.383834054166933      ;
           1 ;   1.2329943648035528      ;   30.210227038006838      ;   27.918933963600161      ;
           1 ;   8.0532780713687870      ;   23.582395932985065      ;   30.938904277352805      ;
           1 ;   1.8132845527491837      ;   23.228678666536613      ;   28.220992109587527      ;
           1 ;   4.8628249346152188      ;   27.137437069860649      ;   1.6397348090574131      ;
           1 ;   2.1829526586792043      ;   28.823198291101143      ;   5.2191752563487919      ;
           1 ;  0.65949523616804040      ;   23.875608626719249      ;   10.887734272841405      ;
           1 ;   7.1285751829102706      ;   33.295464644965229      ;   11.443259516678561      ;
           1 ;   6.0240717453893762      ;   34.679006443936338      ;   14.820629627956800      ;
           1 ;   4.3718393744525708      ;   28.400065636959557      ;   21.776786181081324      ;
           1 ;   3.2883843984140175      ;   29.275485916746348      ;   24.977496873794145      ;
           1 ;   6.2608982235141939      ;   32.848693033217380      ;   28.628130520193881      ;
           1 ;   5.1660321293747993      ;   24.858661706910809      ;   29.418299609780881      ;
           1 ;   1.3397443992324369      ;   28.794276385192692      ;   1.4877511051045913      ;
           1 ;   33.834512602495337      ;   1.2722437377366382      ;   6.1064309195575142      ;
           1 ;   4.7137383750373170      ;   32.451020280621535      ;   9.1297511913472604      ;
           1 ;   2.0693098097265450      ;  0.33849312156240707      ;   8.4962768328768821      ;
           1 ;   2.7753140697642795      ;   1.5445018630223628      ;   12.145706688091920      ;
           1 ;   7.9771073250236340      ;   1.4412008642147793      ;   17.517246340546645      ;
           1 ;   2.4651057661809794      ;   33.915011990202558      ;   17.037814814924708      ;
           1 ;   32.248135278591015      ;   31.358024739224295      ;   16.481052809317635      ;
           1 ;   5.4362334833314909      ;   32.042876591097532      ;   22.482725672872306      ;
           1 ;   3.9102864393436190      ;   29.551844245864636      ;   33.726362671714973      ;
           1 ;  0.62993880425423299      ;   30.905602593915017      ;   33.016078250265451      ;
           1 ;   12.078486310449708      ;   2.9352882904699507      ;   31.044807956536339      ;
           1 ;   5.2980472735509112      ;   34.683707101874028      ;   4.2481872488636858      ;
           1 ;   7.3506386718959584      ;   4.2431975420193986      ;   7.3003864431210079      ;
           1 ;   6.5038997501372320      ;   3.0945958470204387      ;   13.503472704482025      ;
           1 ;   2.7996587988835619      ;   4.9531870704781706      ;   13.684846157360587      ;
           1 ;   5.5076121648355763      ;   34.088489983376292      ;   19.133840773081964      ;
           1 ;   7.8545148920598162      ;  0.51720635770595080      ;   21.678687219611152      ;
           1 ;   9.5147326219713726      ;   2.4203675814085193      ;   27.093967837111588      ;
           1 ;   3.2093576415720571      ;   1.2982147021288255      ;   28.330445054410387      ;
           1 ;   3.9771071753750551      ;  0.61206295153569368      ;  0.61574704872901531      ;
           1 ;   11.774739205935322      ;   34.285999513163560      ;   6.3131967637854327      ;
           1 ;   2.3491610057875483      ;   7.1069394585679264      ;   5.3086114680204100      ;
           1 ;   7.8396290834294478      ;  0.44300736553279407      ;   6.9460405305661865      ;
           1 ;   6.6431183907448430      ;   7.1233351785769452      ;   12.409359281359990      ;
           1 ;   6.0046284851612173      ;   5.2876974898953417      ;   16.705642862056735      ;
           1 ;   10.286676397797827      ;   5.4481802296536479      ;   21.343969188919111      ;
           1 ;   5.6487722200863484      ;   10.221973320447010      ;   32.746199965285513      ;
           1 ;   4.0047044188282994      ;   3.3393227464257400      ;   31.353863306701665      ;
           1 ;   2.5634456619099804      ;   9.8503991798100667      ;  0.38108659976196219      ;
           1 ;   5.8872416719615011      ;   9.6606309690947594      ;   4.1878873657577582      ;
           1 ;   9.5430206553294390      ;   12.718210101046282      ;   9.7919486498738593      ;
           1 ;   8.0816174641410843      ;   11.236230673033488      ;   12.734354177906383      ;
           1 ;   7.9526890043441787      ;   9.6949802474479068      ;   16.863303260812810      ;
           1 ;   7.0118316400486798      ;   11.638871752545692      ;   20.738050804727330      ;
           1 ;   12.120303055632560      ;   4.1274670014953356      ;   23.999715993536455      ;
           1 ;   7.8895317331903483      ;   11.814218171193032      ;   1.8031949893475594      ;
           1 ;   5.8036845038989977      ;   6.1556752596991400      ;   4.6959290006188272      ;
           1 ;   6.5766821705840934      ;   8.2657436667352595      ;   1.0122958523291479      ;
           1 ;   11.900445003313946      ;   11.946082502232453      ;   2.5699458751021291      ;
           1 ;   8.4949110790048170      ;   12.230366447950731      ;   5.5585537956096838      ;
           1 ;   14.046099687717644      ;   12.163771485699487      ;   11.032851807591166      ;
           1 ;  0.30370393869948537      ;   15.234173956663101      ;   15.898770960717899      ;
           1 ;   10.715285448233281      ;   11.389564919341097      ;   18.778641543461440      ;
           1 ;   5.0933682359236183      ;   14.612416594017208      ;   23.222643795703760      ;
           1 ;   9.8876812442623905      ;   5.8336838059928784      ;   27.248960761186058      ;
           1 ;   7.9572279476209120      ;   11.449814593941722      ;   24.929470163641113      ;
           1 ;   1.7633049989741159      ;   9.5575654614308103      ;   29.316294096224535      ;
           1 ;   11.095175583404028      ;   14.781835491347612      ;   7.2470405291168101      ;
           1 ;   3.8083828477095878      ;   14.968118562626552      ;   33.970826096751225      ;
           1 ;   5.4547586797811247      ;   13.802159784430023      ;   5.5175654167953656      ;
           1 ;   9.6994492354677817      ;   14.827872774977701      ;   12.843609869391081      ;
           1 ;   7.7114832094790140      ;   15.402263053407609      ;   20.725251798748008      ;
           1 ;   4.5527999358997571      ;   19.096126821628253      ;   23.761200640720674      ;
           1 ;   6.0793231880458478      ;   16.053655364896105      ;   2.0597165381498712      ;
           1 ;   9.1581836277816286      ;   10.384187227535804      ;   33.254767809650787      ;
           1 ;   6.9079029733096604      ;   13.672429201098993      ;   33.655608480422231      ;
           1 ;   10.383170537541005      ;   18.083367705586053      ;   8.2833005196797167      ;
           1 ;   5.4974011234679132      ;   19.089863188927435      ;   8.0175101360662424      ;
           1 ;   8.1516444280918989      ;   19.086986549125541      ;   10.693045813354848      ;
           1 ;   6.9956974137599008      ;   17.259378563421535      ;   17.809161617221115      ;
           1 ;   4.6659936978521026      ;   17.513026189803824      ;   20.618358830941489      ;
           1 ;   7.0961546859311113      ;   20.057237233396741      ;   26.954807405820883      ;
           1 ;   9.1274382740275559      ;   16.559795084337139      ;   29.247368654993036      ;
           1 ;   14.803528298101181      ;   18.751043161384970      ;   31.353177273779309      ;
           1 ;   9.6062179436011359      ;   23.627446509203576      ;   34.034209680931298      ;
           1 ;   10.422816421890682      ;   17.855259202513849      ;   2.3261957809549134      ;
           1 ;   7.5893759609786686      ;   18.321133713067969      ;   4.8379496195074587      ;
           1 ;   7.3274212412427220      ;   23.179232748941647      ;   13.348329675845646      ;
           1 ;   8.0779381218833937      ;   20.364140411621804      ;   16.283366416573944      ;
           1 ;   12.135402943085809      ;   17.538902240473128      ;   18.465092176596457      ;
           1 ;   7.5161657129429278      ;   26.684213894196127      ;   19.702555352079074      ;
           1 ;   5.1003817056852148      ;   23.187243072751642      ;   26.076145397273990      ;
           1 ;   5.0591804047652751      ;   20.759913266543791      ;   30.236445340168803      ;
           1 ;   33.982447980200860      ;   20.835337706348952      ;   33.898733879557390      ;
           1 ;   12.265120235609315      ;   25.913787506972334      ;  0.64524514580771741      ;
           1 ;   1.8063768561251659      ;   22.482437368668268      ;   1.5255726439170205      ;
           1 ;   8.0681228914425152      ;   24.579301731929512      ;   3.7503659125610547      ;
           1 ;   7.0922794664515578      ;   25.997050866603637      ;   11.026566789484487      ;
           1 ;   9.7231768388698860      ;   24.369044510075927      ;   15.748299561363215      ;
           1 ;   5.7957758636363161      ;   31.272639779347557      ;   14.986080702944493      ;
           1 ;   10.969837777780635      ;   29.693246218825980      ;   19.805287508112350      ;
           1 ;   5.8691922749594836      ;   26.925744504026479      ;   25.736375226071022      ;
           1 ;   7.8980722003926829      ;   27.372617169535054      ;   29.516281709822181      ;
           1 ;   8.6234375695459420      ;   27.926725798208011      ;   1.1765190257712113      ;
           1 ;   7.8629826990678673      ;   27.752795892829592      ;   7.8349120456631836      ;
           1 ;   8.2228296492198627      ;   31.329257137767328      ;   7.8561645579636075      ;
           1 ;   3.0243781728908736      ;   32.296730715502804      ;   5.9625291210909657      ;
           1 ;   7.8752962248246776      ;   29.526625092041538      ;   11.792517107170179      ;
           1 ;   5.2211669349024836      ;   29.723590356740935      ;   6.6552985195593219      ;
           1 ;   6.8334868709620133      ;   30.551282140281302      ;   25.680184518283095      ;
           1 ;   9.2075269745959005      ;   31.749839680191748      ;   22.593347747135045      ;
           1 ;   10.348656234916447      ;   27.031507333097203      ;   25.979599307070590      ;
           1 ;   13.430193956696900      ;   31.569403116615749      ;   29.807661266877819      ;
           1 ;   10.351746496581075      ;   32.402467704734406      ;  0.27125851103221144      ;
           1 ;   9.1283353209885476      ;  0.73827315173552521      ;   33.617907098291639      ;
           1 ;   8.8675179004470124      ;   28.656151850214361      ;   4.7499399455486166      ;
           1 ;   10.325350497652618      ;   34.576559964471826      ;   9.6929177234641912      ;
           1 ;   11.874215672884342      ;   30.694263559769627      ;   7.5513089014824502      ;
           1 ;   11.528553970940887      ;   34.568270808024472      ;   17.155052636999731      ;
           1 ;   34.359216702275887      ;   32.351336806908591      ;   20.058709564233165      ;
           1 ;   7.3483416052872288      ;   33.895602102879693      ;   24.869639640389895      ;
           1 ;   10.796592601743464      ;  0.25969153104424858      ;   24.077984824168507      ;
           1 ;   4.3989389450032794      ;   28.644046582837198      ;   28.764829131036024      ;
           1 ;   10.943471193934391      ;   28.864318636628830      ;   32.124543527628013      ;
           1 ;   13.098877681099708      ;   34.016677636843212      ;   32.630487179974217      ;
           1 ;   11.744011107578478      ;   1.2305692861227076      ;   3.1015252798918871      ;
           1 ;   17.691936680434644      ;   1.5498393779320552      ;   4.1552509566460625      ;
           1 ;   8.8720127703542175      ;   2.7443738118107950      ;   10.635591188886963      ;
           1 ;   13.367355771974928      ;   5.2654702735802159      ;   12.035354605849777      ;
           1 ;   12.829791602048633      ;   2.7588180717662842      ;   14.743646182920434      ;
           1 ;   16.143253939797447      ;   3.1320949326105958      ;   21.532858041904554      ;
           1 ;   15.569700669087927      ;   4.9627662990571730      ;   30.563313391938532      ;
           1 ;   13.328308215820799      ;   3.2815307042044295      ;   27.372348236861040      ;
           1 ;   12.264924437138010      ;   7.0036035809059083      ;   29.619183000640788      ;
           1 ;   12.312891210129175      ;   5.7837991911287432      ;   2.7875989368186254      ;
           1 ;   13.470450329622434      ;   7.7816856998798807      ;   8.0841530973316686      ;
           1 ;   9.7729805034625201      ;   7.7157970740444526      ;   5.4741447124745939      ;
           1 ;   9.7585499866485890      ;  0.87232983771779504      ;   13.696005415939123      ;
           1 ;   10.132532058126900      ;   4.8174074033152214      ;   13.284458736837276      ;
           1 ;   13.569635914685776      ;   9.6024017135598658      ;   20.466700608872099      ;
           1 ;   8.7966769514493901      ;   7.4708945883528468      ;   24.454483196449633      ;
           1 ;   17.614701396888496      ;   4.0086048050264989      ;   24.769835768999876      ;
           1 ;   9.3346246210772890      ;   9.3146804691668024      ;   28.389953071832089      ;
           1 ;   17.490193140090213      ;   6.2112003690646214      ;   33.367688071195552      ;
           1 ;   9.8847984009746650      ;   3.9730571236503804      ;  0.93634900041914215      ;
           1 ;   17.693927209758357      ;   8.4423038618237065      ;   5.5341269772594970      ;
           1 ;   10.121546482772311      ;   3.9744399533953114      ;   4.9541427158659479      ;
           1 ;   10.254025627742292      ;   5.8807934769134773      ;   9.4541448903730831      ;
           1 ;   15.650294407615323      ;   11.569576713519329      ;   15.208696670459485      ;
           1 ;   10.153009259656496      ;   6.9435996363651187      ;   18.012443672264460      ;
           1 ;   15.323988119193722      ;   14.386941250751027      ;   25.989284660122966      ;
           1 ;   11.772927247928180      ;   10.592011346582799      ;   25.893637423885210      ;
           1 ;   12.780425988313560      ;   7.3193656297629213      ;   33.853298702513705      ;
           1 ;   13.827665431798197      ;   8.9899147838333349      ;   4.2099356591435928      ;
           1 ;   13.000603562592678      ;   16.184462996470021      ;   4.0273493751779155      ;
           1 ;   10.275722241249555      ;   8.0078214414107354      ;   14.226167035778589      ;
           1 ;   9.1747628855360652      ;   14.274262652839447      ;   17.441644960788445      ;
           1 ;   5.9636439082461026      ;   13.511085189354789      ;   14.211116467047990      ;
           1 ;   12.412175811767455      ;   13.904917314270776      ;   21.111850864440349      ;
           1 ;   10.531064577116066      ;   10.838235321370290      ;   22.221147129746676      ;
           1 ;   7.4600547027676507      ;   14.984867120689421      ;   26.204264642440034      ;
           1 ;   12.511594089117034      ;   13.092619917266795      ;   28.188311601021944      ;
           1 ;   10.003858441489729      ;   8.9633965086058485      ;   1.9720339007453960      ;
           1 ;   10.594750112679318      ;   13.389029590770189      ;   34.471653719367517      ;
           1 ;   7.5276801541049148      ;   15.972542499403964      ;   7.9374174471158616      ;
           1 ;   3.3359036314782942      ;   17.303983020892353      ;   5.3024897902380124      ;
           1 ;   13.786029881577321      ;   14.486387750944939      ;   13.967186773645594      ;
           1 ;   15.279682774090530      ;   18.762436195253883      ;   15.244411143408435      ;
           1 ;   15.825664946528139      ;   16.406806545056877      ;   20.180384878585144      ;
           1 ;   10.726144820998631      ;   13.759373297819302      ;   24.345414721798328      ;
           1 ;   9.2023630008119373      ;   13.029268148038879      ;   29.313196676735227      ;
           1 ;   13.158579211844700      ;   16.567216324254570      ;   28.837906965247274      ;
           1 ;   10.333277308410853      ;   19.914692474626452      ;   34.162133771880399      ;
           1 ;   14.572047588400725      ;   19.634406213908729      ;   4.3278373337149576      ;
           1 ;   10.841938460302732      ;   21.490548390295960      ;   5.7712666456909396      ;
           1 ;   5.4433797815225020      ;   16.444258852356068      ;   11.172591116487620      ;
           1 ;   10.260703421125019      ;   20.561224120153103      ;   13.423212609940137      ;
           1 ;   12.075494957522514      ;   20.920128233925666      ;   16.559277921745398      ;
           1 ;   8.3952031301522290      ;   18.452719139140189      ;   23.221067075677983      ;
           1 ;   8.5358546992451849      ;   23.686910618172725      ;   26.097551048851138      ;
           1 ;   10.567276215439326      ;   17.677770079412088      ;   25.979880296193947      ;
           1 ;   12.334147171642300      ;   21.917101963063942      ;   2.6095175759784612      ;
           1 ;   16.603693076764280      ;   21.230260371376307      ;   33.791571908695893      ;
           1 ;   10.046988469209833      ;   24.626990637669550      ;   7.3344822728802859      ;
           1 ;   13.583223391767728      ;   22.288549456550612      ;   12.772395641561964      ;
           1 ;   10.864954699147136      ;   24.770894940715163      ;   11.951448198123707      ;
           1 ;   8.6126238786541052      ;   28.851533108059019      ;   17.018062195982292      ;
           1 ;   10.754541320307975      ;   24.384985342424802      ;   22.586700845164202      ;
           1 ;   10.542068731979626      ;   20.977167408701014      ;   24.750002286864685      ;
           1 ;   12.026776308699427      ;   24.850433504484506      ;   30.563844667029983      ;
           1 ;   12.792549638873558      ;   21.867750146950890      ;   32.604368019642990      ;
           1 ;   18.230113103771274      ;   25.148767408285483      ;   31.942969760552209      ;
           1 ;   19.623865188352891      ;   25.083690465039275      ;   3.0050565814388794      ;
           1 ;   13.890240715654096      ;   27.504503372540011      ;   7.3213036972463224      ;
           1 ;   10.476895667990327      ;   22.099879137779979      ;   9.6748702584512198      ;
           1 ;   11.164964554591942      ;   27.703008460828030      ;   10.085597623057453      ;
           1 ;   9.5837563506869579      ;   32.413155297911409      ;   14.965662713588955      ;
           1 ;   6.5366820312091871      ;   30.013572504745387      ;   19.785668391068551      ;
           1 ;   13.512724599628998      ;   26.729286103141643      ;   21.772332027959568      ;
           1 ;   9.9607505715517775      ;   31.221420881761940      ;   29.564377996880520      ;
           1 ;   12.406913382219111      ;   27.978925696382465      ;   28.603514394331444      ;
           1 ;   14.861239667788247      ;   24.915582876009275      ;   33.136565624765396      ;
           1 ;   5.9445092199556271      ;   32.697957880815089      ;  0.42269432637541510      ;
           1 ;   6.7266379065981026      ;   22.387756750844233      ;   8.5474315062962276      ;
           1 ;   10.964507296376516      ;   31.661677443952623      ;   11.669872661829222      ;
           1 ;   12.417318874125154      ;   1.8395141631062912      ;   11.501294822485445      ;
           1 ;   13.605868987123220      ;   30.471691862809951      ;   13.803518016933033      ;
           1 ;   7.8844065236497727      ;   28.094424586811826      ;   23.084855050450528      ;
           1 ;   14.185036662756630      ;   26.306206028066910      ;   25.995380566243544      ;
           1 ;   16.923376892801599      ;   29.873686740795190      ;   28.682428505509552      ;
           1 ;   20.296356353962523      ;   31.360350991209764      ;   29.954304217456162      ;
           1 ;   15.213550241798341      ;   29.000723225546945      ;   32.330016323461869      ;
           1 ;   8.4170434066954805      ;   4.0403880277462996      ;   30.516940962563080      ;
           1 ;   8.7283354428618551      ;   32.852003573076125      ;   4.3806558516532412      ;
           1 ;   14.284135822494951      ;   33.848088703300839      ;   8.6577458362233255      ;
           1 ;   13.352345606349019      ;   34.093653546594076      ;   14.126360749214202      ;
           1 ;   12.145906970492907      ;   33.731036052567809      ;   20.803630405912681      ;
           1 ;   13.009329049542556      ;   31.791142570020476      ;   23.941009839103774      ;
           1 ;   8.9640868137743883      ;   32.822383204594381      ;   18.713282923079525      ;
           1 ;   15.697409974178985      ;   33.386003658111910      ;   26.750786084870494      ;
           1 ;   9.8367633320418513      ;   32.511725606603854      ;   26.248464112733352      ;
           1 ;   6.6779313973330305      ;   3.4825303422433893      ;   33.726370578475745      ;
           1 ;   21.863763016384141      ;   6.1539289579410381      ;   4.9483129793202369      ;
           1 ;   15.169140352623117      ;   3.9876319105328890      ;   6.4240980843086986      ;
           1 ;   16.618284703486541      ;   6.8304710112918929      ;   10.383223491512567      ;
           1 ;   14.612939712490094      ;   2.2035928980814314      ;   18.194447792477259      ;
           1 ;   10.771100809530202      ;   3.6015901053721548      ;   17.467858295415478      ;
           1 ;   14.820553484542859      ;  0.90554056099478020      ;   24.278526019893768      ;
           1 ;   18.421857441893149      ;   8.5351970086101542E-002 ;   25.016294610635452      ;
           1 ;   12.344241688616986      ;   34.737028391254391      ;   27.273643196395952      ;
           1 ;   16.808076004896268      ;   32.035016896070772      ;   31.779391531658685      ;
           1 ;   18.868948464508531      ;  0.92017417897359199      ;   32.465043863338472      ;
           1 ;   14.820012983344773      ;   34.612487242773383      ;   1.1921333109652574      ;
           1 ;   12.085741880668605      ;   2.4768846578659445      ;   7.8733003294487744      ;
           1 ;   11.546375573325177      ;   9.7340615420151355      ;   10.239625253555513      ;
           1 ;   19.463937561701695      ;   1.4487211891828156      ;   11.823739080164913      ;
           1 ;   14.230838377572866      ;   6.0303871729032208      ;   15.764784224282801      ;
           1 ;   13.695311950135777      ;   5.9756076207240527      ;   19.415950457328556      ;
           1 ;   14.978875699858751      ;   10.412591557599024      ;   23.540192715234550      ;
           1 ;   18.481975583775473      ;   8.5889272318572427      ;   28.107025983968065      ;
           1 ;   15.076829659589951      ;  0.67397740639520964      ;   30.185739378474011      ;
           1 ;   12.867920502059377      ;   2.6140114113911568      ;   34.383584311302187      ;
           1 ;   15.469829516783529      ;   7.4129886789521473      ;   1.1841447381474104      ;
           1 ;   16.749787405718809      ;   10.188306063941925      ;   9.1078302146735339      ;
           1 ;   7.6984668631783562      ;   8.7564044054269292      ;   9.2256506470413235      ;
           1 ;   16.564635310017799      ;   3.4055500466169542      ;   14.364445094638290      ;
           1 ;   20.935238856846340      ;   7.8695282730655753      ;   18.670359080376148      ;
           1 ;   16.631268900211325      ;   7.7934995728202310      ;   19.317867787070412      ;
           1 ;   16.248754399058868      ;   7.0856192848990434      ;   23.409890272883029      ;
           1 ;   12.803942597831313      ;   7.6443502232597718      ;   24.648496209635244      ;
           1 ;   12.342664008912385      ;   10.601557958037899      ;   31.134526921373951      ;
           1 ;   15.885177642654101      ;   3.9396739028139236      ;   2.1321048449925741      ;
           1 ;   18.649379979723772      ;   5.1268042872384756      ;   5.8451227183283878      ;
           1 ;   13.958964789306519      ;   11.614680368257421      ;   7.7058031686762458      ;
           1 ;   17.604227752211607      ;   13.183302030028806      ;   11.682355643804346      ;
           1 ;   12.630843977390022      ;   8.9543167135934443      ;   16.800425813454503      ;
           1 ;   20.989070995195501      ;   8.3376376958969622      ;   15.320672678320154      ;
           1 ;   16.723709750209167      ;   12.891098743255171      ;   21.627404252765150      ;
           1 ;   14.665792295435427      ;   10.430503845534648      ;   27.942948437408710      ;
           1 ;   17.150929644251217      ;   12.901910552892202      ;   32.826447871442610      ;
           1 ;   14.245764065322829      ;   10.449199829605874      ;  0.49484440963361631      ;
           1 ;   13.831982297819655      ;   18.080026472714664      ;  0.80375475040978506      ;
           1 ;   17.257581652582552      ;   18.935344908077699      ;   2.0914023863295035      ;
           1 ;   12.669432315129578      ;   15.501669540840576      ;   10.792233278882291      ;
           1 ;   16.570530021218179      ;   14.707928961553652      ;   16.633242128934093      ;
           1 ;   14.248794383325906      ;   12.483592324254097      ;   18.372817536101554      ;
           1 ;   13.158055834857166      ;   19.739999404275402      ;   21.827473720232788      ;
           1 ;   13.491610191028606      ;   16.502448481970848      ;   23.328789120720618      ;
           1 ;   17.131388305002854      ;   17.162364728499380      ;   27.078184055052979      ;
           1 ;   15.838145808569337      ;   14.405228690906110      ;   29.612469958265152      ;
           1 ;   20.004096043900720      ;   14.994292781693112      ;   33.201052859843188      ;
           1 ;   14.233609204887173      ;   17.014974261466186      ;   8.0288529721434134      ;
           1 ;   17.070237965633634      ;   13.573910305783421      ;   8.0818615600216681      ;
           1 ;   13.268067274735451      ;   18.871421514878012      ;   11.681321585831167      ;
           1 ;   18.551825634855497      ;   16.379372789573846      ;   13.750770248549477      ;
           1 ;   18.595724919757327      ;   17.927051625592494      ;   16.991939022412243      ;
           1 ;   13.454380091186119      ;   23.674163415653354      ;   19.489769014279563      ;
           1 ;   18.744991709997560      ;   18.880365859626043      ;   20.702012671818235      ;
           1 ;   14.585572282189364      ;   23.097087242356647      ;   23.058204858130967      ;
           1 ;   13.520708169546063      ;   13.688543907438493      ;   32.395408150202385      ;
           1 ;   21.247819715189401      ;   18.094713443590280      ;  0.75577041434740644      ;
           1 ;   21.959035441544682      ;   24.883370992445812      ;   31.086511859176802      ;
           1 ;   13.659519455507400      ;   21.028118924082538      ;   8.5180023500119582      ;
           1 ;   17.478146365702173      ;   19.048019914409362      ;   8.4198873276588930      ;
           1 ;   15.367602336595759      ;   19.827899184147626      ;   18.762355038699468      ;
           1 ;   10.742077869745648      ;   25.819981961721304      ;   18.916604952447265      ;
           1 ;   13.628169759396270      ;   28.606978694818071      ;   17.235846082284521      ;
           1 ;   17.422809143357441      ;   22.214125680405978      ;   20.717300612129520      ;
           1 ;   18.776655480459080      ;   16.502237399593600      ;   30.045806172561228      ;
           1 ;   14.974657559771737      ;   22.746281075565143      ;   30.055742715805692      ;
           1 ;   17.952963090864841      ;   20.610742794190593      ;   29.022886862468809      ;
           1 ;   14.940374399055406      ;   29.528919172645651      ;   4.1056403603957454      ;
           1 ;   16.634438901884383      ;   27.787190740779497      ;   1.0296133712142357      ;
           1 ;   13.930993360711252      ;   24.654939377997366      ;   9.6094497860945598      ;
           1 ;   14.436043842642830      ;   30.369798672742455      ;   9.9229859203006097      ;
           1 ;   13.317684749271601      ;   24.276748977553126      ;   16.085509739297429      ;
           1 ;   20.073299454886047      ;   30.222892949158346      ;   15.411311509048033      ;
           1 ;   16.610389204525468      ;   26.009508898961496      ;   23.423962024853427      ;
           1 ;   12.199415951005193      ;   23.474787691712585      ;   27.120205341843196      ;
           1 ;   12.119721064346331      ;   20.229947484505228      ;   29.367260864118496      ;
           1 ;   19.677912649966068      ;   21.836959886576619      ;   32.049323078358469      ;
           1 ;   12.651208931822239      ;   29.981820169449669      ;   1.1113301272699680      ;
           1 ;   12.018673197009200      ;   27.343067585389925      ;   4.0920023856115959      ;
           1 ;   17.146664762491188      ;   23.363158773688085      ;   7.5094171543162460      ;
           1 ;   16.581903681758259      ;   32.129177577072042      ;   13.198611956014267      ;
           1 ;   18.793013033196825      ;   29.564256504910233      ;   12.084350127568630      ;
           1 ;   9.1738886578161249      ;   20.365830144733341      ;   19.718362650642103      ;
           1 ;   16.480134152611502      ;   31.801550464561032      ;   23.252332821063895      ;
           1 ;   17.507469002041731      ;   28.282638126803420      ;   25.578765574856710      ;
           1 ;   18.428457588353062      ;   34.577889225005343      ;   29.111340030115255      ;
           1 ;   19.914586957608659      ;   27.729731575342601      ;   28.605956363451465      ;
           1 ;   22.465848484948573      ;   3.3220619513186982      ;   2.2531097528561688      ;
           1 ;   17.137026677739161      ;   31.846214343122270      ;  0.46713894166830228      ;
           1 ;   12.253753943319097      ;   32.184475267701771      ;   3.6276134760769385      ;
           1 ;   16.249243609810129      ;  0.31972627696822536      ;   16.117680109687250      ;
           1 ;   10.676287145990429      ;   27.676830435956290      ;   14.315078742773663      ;
           1 ;   15.135894378465039      ;   29.738282724538635      ;   20.867867956009572      ;
           1 ;   19.972634584069237      ;   32.573559393749434      ;   22.823558305125971      ;
           1 ;   22.783867815270536      ;   34.425447421491398      ;   25.284777871776942      ;
           1 ;   16.850206171295795      ;   2.4366332739110166      ;   27.632715861236907      ;
           1 ;   16.347347269268031      ;   2.6990040626051393      ;   33.501608116266574      ;
           1 ;   15.240771618363283      ;   33.954253950585361      ;   4.9318746852122661      ;
           1 ;   18.938989684927421      ;   32.508407408965148      ;   4.3659090190770113      ;
           1 ;   16.944826512112698      ;   31.147572988415131      ;   7.1490261663418222      ;
           1 ;   17.956345148299793      ;   32.830835743908523      ;   10.089410975680956      ;
           1 ;   17.848575986405315      ;   30.727598540792417      ;   18.509203571337107      ;
           1 ;   19.061122734802492      ;   5.2900498001789007      ;   20.594711588095045      ;
           1 ;   22.808364091981709      ;   3.5569282072704036      ;   24.224136891821676      ;
           1 ;   21.567862252083973      ;   6.2905018896864986      ;   26.976295325788374      ;
           1 ;   22.174630689608062      ;   2.1913752781684956      ;   33.436046281051603      ;
           1 ;   19.910131929622807      ;   4.6826071302260734      ;   30.233681996072242      ;
           1 ;   20.158376512339611      ;   3.9952248738262925      ;   9.1455371482518917      ;
           1 ;   23.034043955350000      ;   5.9984527247818740      ;   8.2758515922571334      ;
           1 ;   23.475067382811911      ;   4.1751292501694586      ;   13.310615727609452      ;
           1 ;   23.193163130636901      ;  0.83895180182994344      ;   11.263819578595356      ;
           1 ;   19.288953638973350      ;   5.2474479293779277      ;   12.873340268946265      ;
           1 ;   19.249811524044574      ;   33.610904510936216      ;   14.692739930741848      ;
           1 ;   20.528834696362495      ;   2.1644650915046681      ;   26.955707680928885      ;
           1 ;   25.779970884212922      ;   1.4563534621390435      ;   25.882213182108888      ;
           1 ;   15.793559173745791      ;   5.9438610171408737      ;   26.955250590154620      ;
           1 ;   22.044154808585475      ;   9.6380767944445047      ;   6.5855714980459377      ;
           1 ;   17.151811317261259      ;   10.671694756288463      ;   2.6204938570473981      ;
           1 ;   17.014889993845042      ;   16.627007579024465      ;   4.8089514817946251      ;
           1 ;   11.081701139371923      ;   10.586086950013533      ;   6.7586415523837866      ;
           1 ;   14.181188114424300      ;   8.7410711239825680      ;   12.981634134745130      ;
           1 ;   22.473291796475060      ;   11.778979004797938      ;   17.567559556481473      ;
           1 ;   19.063390822085299      ;   5.0962003457821812      ;   16.425509906555053      ;
           1 ;   21.185655918792595      ;   9.6297700567059650      ;   24.932764359387463      ;
           1 ;   28.590082871427171      ;   7.4244630660783439      ;   24.228499220905711      ;
           1 ;   21.214590688034345      ;   11.804946972934514      ;   32.698409784189039      ;
           1 ;   16.687175221935394      ;   9.4290626192382945      ;   31.184348945968527      ;
           1 ;   14.178631669668940      ;   14.156581231874519      ;   1.1890197705973258      ;
           1 ;   15.002548645811773      ;   12.980106611811046      ;   4.6757300261894263      ;
           1 ;   23.000845627089202      ;   10.776695749957067      ;   13.881935459435537      ;
           1 ;   23.765720466332393      ;   9.8456142638780015      ;   9.9359990528512796      ;
           1 ;   19.018233207678335      ;   12.638531918443954      ;   15.219034088511691      ;
           1 ;   18.615992448007027      ;   9.6172827232683620      ;   22.272565423330896      ;
           1 ;   20.473934137275730      ;   13.733345925129019      ;   22.610003038188822      ;
           1 ;   18.090494389488935      ;   12.433526759299609      ;   24.969201612723754      ;
           1 ;   21.869363002295010      ;   11.953371337843292      ;   27.907586902292973      ;
           1 ;   19.080134166368893      ;   11.823289424004120      ;   30.049413819287263      ;
           1 ;   18.129206034948730      ;   18.340780828219508      ;   33.034224224823724      ;
           1 ;   20.815794712980274      ;   17.904508542464079      ;   9.6911152237292200      ;
           1 ;   24.198393603102090      ;   16.861312317044902      ;   11.012818379634529      ;
           1 ;   21.317677861083290      ;   13.981694043566590      ;   12.159858504768922      ;
           1 ;   21.103651261342051      ;   15.576978529970686      ;   16.285482258165349      ;
           1 ;   17.245541321253324      ;   8.2865095631328405      ;   15.488116182339258      ;
           1 ;   18.995721116275838      ;   14.504058483709159      ;   19.242031476958029      ;
           1 ;   17.500469750562516      ;   15.892370379616155      ;   23.621774510846727      ;
           1 ;   20.090645004701752      ;   14.834426062103281      ;   26.692238121045374      ;
           1 ;   22.110627754072972      ;   14.571919203237279      ;   30.236251783534676      ;
           1 ;   17.481176843220275      ;   14.901724403119783      ;   1.5531282836586420      ;
           1 ;   18.862709264392265      ;   12.177972551160680      ;   5.4979368750251130      ;
           1 ;   16.856089821857754      ;   20.189391252398661      ;   11.804012270990365      ;
           1 ;   16.148226967537003      ;   16.412889837431017      ;   11.300732627616656      ;
           1 ;   21.531968982518300      ;   21.113343955267389      ;   21.241830619303723      ;
           1 ;   25.072500480634236      ;   15.347601446352710      ;   27.571063894283814      ;
           1 ;   25.358751564658391      ;   18.703186489179576      ;   29.710342721784670      ;
           1 ;   20.924300108493039      ;   21.299620175489437      ;   2.3869817035646101      ;
           1 ;   15.785689426920277      ;   24.310244422783818      ;   2.1008155968252553      ;
           1 ;   13.446369765154460      ;   23.877691453743346      ;   5.8538366959190586      ;
           1 ;   24.563497165638257      ;   14.382693820300473      ;   13.715304703121372      ;
           1 ;   20.849472311790144      ;   22.071125777704840      ;   15.827678963119361      ;
           1 ;   20.455953800898904      ;   25.945183996495594      ;   18.662782338365361      ;
           1 ;   20.432008175072855      ;   18.216913879248516      ;   23.704625280671870      ;
           1 ;   17.165591714019143      ;   19.389596933432031      ;   24.237550586878069      ;
           1 ;   16.075459829821963      ;   26.080096635815941      ;   29.349636686867914      ;
           1 ;   19.595128635743205      ;   23.997119356655549      ;   28.323123825297991      ;
           1 ;   24.564172045970501      ;   29.441154399631301      ;   7.1500690237087463      ;
           1 ;   22.577235139176338      ;   23.907143867569168      ;   4.0304679640365837      ;
           1 ;   20.352423703970761      ;   27.748298259327484      ;   5.9504984046335876      ;
           1 ;   13.900157438368423      ;   27.222368512893585      ;   12.429308778327060      ;
           1 ;   17.286608291096321      ;   23.129630239445035      ;   17.088220051664614      ;
           1 ;   25.297161837678694      ;   27.033821366271969      ;   18.745898227755500      ;
           1 ;   16.433264689765206      ;   23.531073918623594      ;   26.412560364301033      ;
           1 ;   24.179080385539621      ;   26.961635886260776      ;   27.318129050520557      ;
           1 ;   24.752299950944462      ;   27.418532744529653      ;   34.407001017706406      ;
           1 ;   26.557575870778120      ;   22.701204084366577      ;   30.715329919520421      ;
           1 ;   19.706493703938364      ;   26.474723360692387      ;   34.674823487705908      ;
           1 ;   17.372347388806254      ;   1.4180924528631369      ;   8.1802264172934187      ;
           1 ;   17.335766173646910      ;   27.133147566944242      ;   9.5432856381770588      ;
           1 ;   20.130430014451303      ;   26.323381743589948      ;   13.482001822008082      ;
           1 ;   24.811104409953927      ;   32.555063597970069      ;   13.918551697079483      ;
           1 ;   21.041732563653760      ;   27.664983801467319      ;   24.661915143025738      ;
           1 ;   19.753376768180360      ;   28.869247925752976      ;   20.898305803031331      ;
           1 ;   21.949813461981698      ;   34.502130607326038      ;   28.701651629402342      ;
           1 ;   22.407637353143173      ;   27.220020841533906      ;   2.5954233455492495      ;
           1 ;   26.050792967797804      ;   24.894497844865018      ;   2.8990510737305049      ;
           1 ;   25.128200437581750      ;   1.0358562072474089      ;   3.6553262121756491      ;
           1 ;   16.934308209616567      ;   26.378896495912585      ;   5.5726023169501309      ;
           1 ;   15.935054433508498      ;  0.58855038781950342      ;   11.618274928786287      ;
           1 ;   18.733834647613765      ;   1.7870147166007775      ;   18.462688868801884      ;
           1 ;   12.127552925913088      ;   2.3179675618331324      ;   20.520198815303889      ;
           1 ;   16.676146622320015      ;   29.277860773884676      ;   15.604939247769224      ;
           1 ;   14.531932008062036      ;   32.209173165505717      ;   17.520603527737162      ;
           1 ;   19.688466387228573      ;   2.1915462147375773      ;   22.060909597056018      ;
           1 ;   20.210489539654077      ;   32.202519633361895      ;   33.684222942752989      ;
           1 ;   19.552273160328344      ;  0.60378941686768695      ;   1.1696660475800957      ;
           1 ;   18.890925173911516      ;   7.2173608381275516      ;   2.4474698611476571      ;
           1 ;   21.078235248057837      ;   1.8475876153501039      ;   6.2099263219050727      ;
           1 ;   20.908789847973775      ;   34.406939895350149      ;   8.9658144143078040      ;
           1 ;   24.489518119947039      ;   32.008467584728898      ;   10.232726522410974      ;
           1 ;   21.101799764759608      ;   32.390994620885763      ;   11.688133951006874      ;
           1 ;   20.249066119466850      ;   33.553086553594738      ;   19.068238627301248      ;
           1 ;   22.476756931140756      ;  0.53874496042449405      ;   20.890536916086454      ;
           1 ;   19.763814150674406      ;   31.114543662625998      ;   26.273232938562575      ;
           1 ;   23.398070386200317      ;   3.5472388104951644      ;   28.806412481204866      ;
           1 ;   19.124626798255640      ;   4.0090557021519686      ;  0.68483765099124472      ;
           1 ;   28.527728512711125      ;   7.2976406804514662      ;   3.5860974690270568      ;
           1 ;   24.985053439194360      ;   6.2644886975965486      ;   3.3180221070841620      ;
           1 ;   18.804225392913349      ;   9.3339954664703377      ;   12.169743352531325      ;
           1 ;   25.373946020399561      ;   8.0028426527255885      ;   13.585138178079784      ;
           1 ;   20.763936140343400      ;   2.0832643327416887      ;   15.480856426306300      ;
           1 ;   25.746090460111468      ;   2.4392840869659524      ;   22.249862994851949      ;
           1 ;   21.829221414070702      ;   3.5175119174907219      ;   19.015970017485461      ;
           1 ;   27.619145166638607      ;   5.3210406560219665      ;   28.493809427329925      ;
           1 ;   31.818292673566212      ;   5.5798737878193956      ;   29.407200869109246      ;
           1 ;   20.944076141206846      ;   8.0515673730698420      ;   31.060825595326346      ;
           1 ;   19.254329177073572      ;   9.0213440505230018      ;   34.181795928335148      ;
           1 ;   20.135755163273728      ;   7.7122972098615712      ;   9.2526674279348313      ;
           1 ;   21.583764829838483      ;   15.000425139540873      ;   8.3235577867489692      ;
           1 ;   27.740411902388963      ;   4.9938009365540861      ;   13.321491200540359      ;
           1 ;   24.327796200930653      ;   5.2922523451149548      ;   16.565195584039518      ;
           1 ;   20.738772107165385      ;   6.4350587212842605      ;   23.395376946056842      ;
           1 ;   31.403375734126030      ;   5.2846650735708192      ;   25.929015022294127      ;
           1 ;   28.986758755934577      ;   3.7452249628957728      ;   23.751388962681020      ;
           1 ;   23.689140507521671      ;   8.7805785909756864      ;   27.561111279765996      ;
           1 ;   22.083087235233087      ;   6.3288966730872191      ;   34.529472762578642      ;
           1 ;   20.447628252905790      ;   12.093735523093983      ;   1.5839802759181754      ;
           1 ;   22.034783728511343      ;   9.1878024535050837      ;   2.5861498300482375      ;
           1 ;   23.379015808831937      ;   19.038938515132525      ;   7.1604426230710967      ;
           1 ;   27.879078325979254      ;   14.207796676414137      ;   15.176923472990795      ;
           1 ;   29.065484468688943      ;   8.7782210597675441      ;   12.274043620234144      ;
           1 ;   18.935557893065447      ;   10.704599515754234      ;   18.658432251269076      ;
           1 ;   23.694422928468249      ;   12.735561679750729      ;   24.897995512194406      ;
           1 ;   25.159754380612174      ;   9.0554605111439379      ;   23.719303106580792      ;
           1 ;   26.096973343703059      ;   12.060373139941138      ;   27.446261095601439      ;
           1 ;   25.078311158352712      ;   12.399965950935290      ;   30.836943809182081      ;
           1 ;   20.535171963601847      ;   15.818192624968926      ;   4.5923227494533956      ;
           1 ;   21.553260790380026      ;   22.870606117437877      ;   7.2528619817524209      ;
           1 ;   24.867050735808558      ;   13.536773235206988      ;   9.7167013023550286      ;
           1 ;   24.427558476162666      ;   15.400746591300006      ;   18.214534228747809      ;
           1 ;   17.003203185172225      ;   26.871308730063273      ;   19.651014575643504      ;
           1 ;   23.166173514867925      ;   16.489373768072245      ;   24.418961478410189      ;
           1 ;   31.451282964848033      ;   16.557467054968775      ;   24.903327208088761      ;
           1 ;   22.340932763684762      ;   17.629558503005423      ;   31.829648476720681      ;
           1 ;   23.680764380732956      ;   15.550795671605181      ;   1.4358837067725445      ;
           1 ;   26.876958380520918      ;   17.597017653996158      ;   4.6098578671038446      ;
           1 ;   25.678774892894317      ;   23.109196050231979      ;   9.4805133645862565      ;
           1 ;   24.228255058536305      ;   21.634026183132917      ;   14.256032975875540      ;
           1 ;   26.068040519062670      ;   17.928331250409798      ;   14.834250923977402      ;
           1 ;   28.046142966857442      ;   17.213239083079987      ;   18.078395776839809      ;
           1 ;   25.414986367311332      ;   15.985327957864289      ;   21.828673821353995      ;
           1 ;   23.587650505332313      ;   20.671735985513067      ;   24.099105785816324      ;
           1 ;   27.623356104560251      ;   26.052297464682784      ;   26.016500250478604      ;
           1 ;   22.330958591673848      ;   17.996351709114293      ;   27.570303884247867      ;
           1 ;   19.808282268915562      ;   19.853977328134974      ;   5.5208973835375037      ;
           1 ;   20.389593005798400      ;   21.356033640340844      ;   11.138243318149843      ;
           1 ;   23.071273618812459      ;   24.468400815338477      ;   11.821928604584222      ;
           1 ;   27.071913124101975      ;   19.788826975327733      ;   11.634155711137359      ;
           1 ;   23.285219257513731      ;   19.631743504572171      ;   17.468572507527785      ;
           1 ;   25.234785892411747      ;   22.911272581640084      ;   20.252625730740590      ;
           1 ;   29.412278504794724      ;   22.669088764952583      ;   19.744702548317733      ;
           1 ;   25.451988773401212      ;   19.463300735402395      ;   20.946085015502078      ;
           1 ;   13.826893865395874      ;   19.389328383853364      ;   26.233429721269577      ;
           1 ;   25.284341123221537      ;   21.430248119331438      ;   2.2891515946999590      ;
           1 ;   17.274283749184256      ;   24.096999026025930      ;   11.667921086614870      ;
           1 ;   22.620150876169323      ;   32.420144050083749      ;   4.7464598676187428      ;
           1 ;   17.277071264895575      ;   22.153905921723354      ;   4.1366948121836797      ;
           1 ;   28.823182429611901      ;   31.375831758845681      ;   14.129837696404243      ;
           1 ;   16.346981206704694      ;   25.995799940008581      ;   14.680902841554346      ;
           1 ;   23.482236485738383      ;   30.681138762257966      ;   23.457163543388688      ;
           1 ;   23.263946301614396      ;   24.577021959096946      ;   16.324474445999481      ;
           1 ;   19.910785081986877      ;   25.067562687276578      ;   22.656339087822676      ;
           1 ;   27.450293258395270      ;   25.438763765990313      ;   21.051834206965832      ;
           1 ;   23.259729133906344      ;   30.387455259043197      ;   28.040967048538771      ;
           1 ;   19.070630280325005      ;   28.448403181479911      ;   32.048148352425351      ;
           1 ;   23.426004663547442      ;   25.841491392921032      ;   7.0322863489604863      ;
           1 ;   20.415220066623355      ;   25.626782118920776      ;   9.7606202490974230      ;
           1 ;   25.920781436739272      ;   30.430326504097060      ;   17.130687028081063      ;
           1 ;   29.492918469928007      ;   28.901993627834941      ;   16.818565345974232      ;
           1 ;   22.377494605362717      ;   30.443638965318513      ;   18.350896441246284      ;
           1 ;   16.202354253201996      ;   34.316677053403538      ;   20.352051882513123      ;
           1 ;   24.644907378785021      ;   26.251117360433717      ;   23.607011144328947      ;
           1 ;   27.167325802340461      ;   28.929473413695490      ;   28.415118908759531      ;
           1 ;   23.473013018494264      ;   21.134845591543115      ;   32.565011588540429      ;
           1 ;   19.508779394146693      ;   29.272414582698840      ;   2.5744426915050882      ;
           1 ;   30.543865470414847      ;   1.5098091264310098      ;   3.6646626220085836      ;
           1 ;   25.472979768846894      ;   2.8807116249119029      ;   9.6374627527965089      ;
           1 ;   22.339323424901181      ;   29.011727906422411      ;   10.650369025863325      ;
           1 ;   20.842041436198567      ;   30.891807307824543      ;   8.1860468849391594      ;
           1 ;   23.700798552799363      ;   34.270760119180281      ;   16.671015979394099      ;
           1 ;   25.819320615093361      ;   32.665913721834549      ;   27.812341667731754      ;
           1 ;   26.625074088131768      ;   29.493146534553791      ;   24.923751289511483      ;
           1 ;   22.685697527214920      ;   28.351204469280511      ;   31.385838919121873      ;
           1 ;   26.490339752517528      ;   31.930541591016830      ;   34.778201051227846      ;
           1 ;   26.248718008885874      ;   2.6364073658573499      ;   32.944667899191728      ;
           1 ;   24.769278627795938      ;   3.8449392584383837      ;   6.1030933791364150      ;
           1 ;   24.673676369956905      ;   1.8358481420123779E-002 ;   7.7330534259167498      ;
           1 ;   31.995950089976883      ;   34.401270799132831      ;   8.8855985614243522      ;
           1 ;   27.188323059586221      ;   7.0936686775078277      ;   16.756338113341073      ;
           1 ;   26.845976932876606      ;   2.7339160266075488      ;   18.253097769890847      ;
           1 ;   27.005931876615641      ;   34.297255163366160      ;   19.735698135980829      ;
           1 ;   29.327525167078960      ;   2.4994095500474827      ;   26.994438038993209      ;
           1 ;   33.590953228480572      ;   33.579938323097132      ;   31.277997656640402      ;
           1 ;   30.046808966985612      ;   2.4245715552648095      ;   31.536290604971327      ;
           1 ;   27.619130570734765      ;   3.5319926068359142      ;   3.7198986133984180      ;
           1 ;   25.875958133351332      ;   9.8901106649177493      ;   2.2680094039727385      ;
           1 ;   26.260686929692742      ;   6.8656490436414490      ;   6.7537263169142445      ;
           1 ;   26.144089104433739      ;   6.9316258393260872      ;   10.334610994231380      ;
           1 ;   29.550472581113663      ;   1.3476887458054154      ;   13.545891067658436      ;
           1 ;   30.943812523461027      ;   6.0727172746178235      ;   21.598112489002709      ;
           1 ;   29.476001889957249      ;  0.59045357147854260      ;   22.120404071764064      ;
           1 ;   28.197065357960923      ;   5.4997238069598069      ;   32.170475042854903      ;
           1 ;   31.175092811884216      ;  0.16388513279320893      ;   33.764662386061460      ;
           1 ;   26.063016633204999      ;   6.2884076623113527      ;  0.10468590426380027      ;
           1 ;   23.949299073948836      ;   9.2965045015416106      ;   32.680822490752675      ;
           1 ;   19.895597594064395      ;   11.510251927316368      ;   9.1587461351839270      ;
           1 ;   22.007932578393230      ;   7.1238714642689835      ;   12.155746030546927      ;
           1 ;   32.408028504152583      ;   9.7378668738895371      ;   9.4405724816994709      ;
           1 ;   29.725029917348611      ;   9.4547910803390618      ;   18.636123821046450      ;
           1 ;   33.284549513097808      ;   7.4650437713101230      ;   19.019111740347050      ;
           1 ;   33.174243631795939      ;   8.1458446564900591      ;   23.515774532521409      ;
           1 ;   28.065260590046936      ;   8.6987774185086835      ;   28.795318258543976      ;
           1 ;   25.421426078590901      ;   5.8343028031777422      ;   25.722396864827655      ;
           1 ;   27.711425233331820      ;   9.7227780738118579      ;   33.809440164968493      ;
           1 ;   23.143049849797837      ;   12.409752010612245      ;   3.8925962706547805      ;
           1 ;   26.710624741572765      ;   14.158922663956565      ;   2.8119128464490450      ;
           1 ;   24.226019959941070      ;   15.096791139933378      ;   5.8873558018203971      ;
           1 ;   29.740868962771213      ;   11.216857091858865      ;   15.708082779695605      ;
           1 ;   24.535226530395803      ;   8.5009850065443935      ;   18.322960784150439      ;
           1 ;   22.481600008188288      ;   9.8302546846365786      ;   21.089729063441919      ;
           1 ;   27.773019534659554      ;   12.634644140639935      ;   20.832060869330689      ;
           1 ;   28.897548505714933      ;   11.600109093214526      ;   30.713576555981145      ;
           1 ;   24.217080613397414      ;   5.4581099315442358      ;   31.669188792004366      ;
           1 ;   27.854508902932647      ;   15.517826675959842      ;   30.436812465981976      ;
           1 ;   27.690142651043878      ;   16.920083597775857      ;  0.18883596433197211      ;
           1 ;   23.655915756588264      ;   20.170078390194760      ;   10.908406371085974      ;
           1 ;   26.862019537916609      ;   16.153199766348962      ;   8.4776085295209000      ;
           1 ;   31.523831776591344      ;   18.729005742293683      ;   13.072907105685402      ;
           1 ;   26.941401358039570      ;   11.635621054536372      ;   12.561363555915207      ;
           1 ;   26.010795000603530      ;   11.478298358804125      ;   16.039321978349502      ;
           1 ;   21.820634760833801      ;   17.104968586494184      ;   20.491902781171550      ;
           1 ;   27.749821402192286      ;   14.812737969801979      ;   24.812814622246190      ;
           1 ;   28.077999701534061      ;   11.605068381055229      ;   24.123862167955291      ;
           1 ;   23.852973944789991      ;   12.161153786531207      ;  0.38974918218378224      ;
           1 ;   24.500144183668297      ;   18.776343664921097      ;   6.8873518818577395E-003 ;
           1 ;   23.265001969410196      ;   18.698683403235229      ;   3.7251700086050636      ;
           1 ;   31.551430214137945      ;   15.357425789140279      ;   7.9480834813693884      ;
           1 ;   33.567512508191470      ;   22.398098055985695      ;   7.9239213127972956      ;
           1 ;   22.671778673289747      ;   17.626998177180656      ;   14.037107709452570      ;
           1 ;   29.884502607829152      ;   15.519259820004859      ;   21.768514716137325      ;
           1 ;   28.072239364861119      ;   19.311170060143041      ;   23.390622814624273      ;
           1 ;   32.339894889316795      ;   18.468273373418054      ;   21.938748492611779      ;
           1 ;   24.985294682931304      ;   15.636808004215604      ;   32.758356082173854      ;
           1 ;   27.729336795606883      ;   20.611600717901847      ;   33.809704455816664      ;
           1 ;   27.271444260114681      ;   20.039629468812443      ;   8.1019831890365488      ;
           1 ;   25.271604631888675      ;   22.354708994241797      ;   6.1288112144834557      ;
           1 ;   27.648770938599519      ;   15.814631374039688      ;   12.100740208677744      ;
           1 ;   28.703701512388335      ;   26.019232014226979      ;   9.6223067060593372      ;
           1 ;   27.418904008376174      ;   24.713356546269655      ;   12.565489232747279      ;
           1 ;   29.700385258487774      ;   22.281373188092818      ;   14.922710645408923      ;
           1 ;   26.260450428292753      ;   21.661074790441205      ;   27.347135298205117      ;
           1 ;   19.758520946044751      ;   21.098024938864786      ;   25.883786144072893      ;
           1 ;   29.606590728884552      ;   23.825464884161715      ;   23.555783528153324      ;
           1 ;   25.272265263451953      ;   26.321927857503301      ;   30.959146936080071      ;
           1 ;   22.891086589519070      ;   23.934779073510882      ;  0.37330127372068822      ;
           1 ;   26.239334719197473      ;   32.405382436476600      ;   4.6486159849873658      ;
           1 ;   23.170051445856959      ;   28.818813702477254      ;   13.873846509127246      ;
           1 ;   25.572917791527836      ;   1.4886833072036734      ;   14.092342078141073      ;
           1 ;   28.373878807341207      ;   25.306238117738797      ;   17.515808944744766      ;
           1 ;   32.141431560678761      ;   26.203161116292097      ;   22.896309158647888      ;
           1 ;   22.229212765418040      ;   23.802958020013847      ;   25.495467099651218      ;
           1 ;   30.148936587908636      ;   29.548281397689674      ;   26.560137759304585      ;
           1 ;   29.649699864218523      ;   23.102006741942880      ;   27.404729439643017      ;
           1 ;   29.219660896267719      ;   25.585600834858390      ;   29.886760001262850      ;
           1 ;   25.801617715467611      ;   29.003389793598448      ;   3.3094610233850075      ;
           1 ;   28.911139121713688      ;   29.750851864863616      ;   5.8574183315675779      ;
           1 ;   25.614644711458066      ;   26.863234955695486      ;   10.354777918508276      ;
           1 ;   32.221214506261447      ;   33.684454040290930      ;   12.573966923049746      ;
           1 ;   30.125236766100482      ;   26.108302454898812      ;   14.087236834858972      ;
           1 ;   27.494118550169809      ;   34.194451668492313      ;   16.020418674825333      ;
           1 ;   2.8295738090158014      ;   2.5407476519916163      ;   19.845634073332178      ;
           1 ;   26.540783112986805      ;   29.681629787856068      ;   20.866982906963063      ;
           1 ;   27.645288945488105      ;   33.966253228061092      ;   31.614916291857746      ;
           1 ;   25.264628886467470      ;   30.752529059213785      ;   31.177165803501495      ;
           1 ;   23.424048761777289      ;   31.047731556692337      ;   1.5482052305969169      ;
           1 ;   27.683720000005710      ;   32.678067278605738      ;   8.3435205055732542      ;
           1 ;   32.164105191627812      ;   31.361452957027272      ;   6.0111046307477318      ;
           1 ;   27.254387755870809      ;   34.314841025623387      ;   11.674837183716848      ;
           1 ;   33.761096066753723      ;   34.632569704547407      ;   15.898806067142869      ;
           1 ;   27.242595745192112      ;   5.1965523548994144      ;   21.071327179116334      ;
           1 ;   29.279079499766297      ;   28.335556804971869      ;   22.775421353388424      ;
           1 ;   26.119163395238250      ;   33.330377889961454      ;   23.443199846598024      ;
           1 ;   23.060335347074261      ;   34.434548014013721      ;  0.88358684069138893      ;
           1 ;   28.039785127728205      ;   28.495197289510269      ;   32.214339729849272      ;
           1 ;   33.321042276982666      ;   2.5255444114989150      ;   1.5975355205243820      ;
           1 ;   32.068965897331204      ;   26.901706922129243      ;   9.8309191131793483      ;
           1 ;   32.839130765991655      ;   4.0023661454592503      ;   9.6086800833787702      ;
           1 ;   27.801781426196644      ;   30.106766564304934      ;   10.954566597657241      ;
           1 ;   30.185740117867269      ;  0.96799018559366146      ;   18.212300921152288      ;
           1 ;   32.888792633913638      ;   34.137752962462955      ;   22.577541878175655      ;
           1 ;   32.214699230580528      ;   29.681386375736679      ;   22.126991570365842      ;
           1 ;   28.766422970258681      ;   33.951447791912052      ;   25.938015099120079      ;
           1 ;   23.895163479125717      ;   34.371037912189323      ;   31.913410956999680      ;
           1 ;   26.783888098366766      ;   1.7410587179263100      ;   29.397674670951073      ;
           1 ;   28.997363478903690      ;   3.6481358145469676      ;  0.12422687826554527      ;
           1 ;   34.557771968950100      ;   4.5682919626917693      ;   4.9683943266835486      ;
           1 ;   30.449390228753355      ;   6.5741506291680869      ;   9.4026011167524981      ;
           1 ;   29.468025308185275      ;   1.8200694764261516      ;   9.5994316433574927      ;
           1 ;   27.888313644309218      ;  0.93249456916713069      ;   6.4110750414950957      ;
           1 ;   32.555231928594921      ;   10.020145677369170      ;   13.155796529581549      ;
           1 ;   34.351467734905562      ;   2.6146323545705030      ;   29.548036103709858      ;
           1 ;  0.51751761753973935      ;   31.671514476136817      ;   24.641839757452040      ;
           1 ;   27.506889698931143      ;  0.42568308361701124      ;  0.76066989818141872      ;
           1 ;   30.665769593145260      ;   8.2688195888813709      ;   31.788235288346058      ;
           1 ;   30.046823012654333      ;   4.8433070068741779      ;   6.2385487536488213      ;
           1 ;   31.286037446484446      ;   8.6178705696908313      ;   5.3495524894778912      ;
           1 ;   34.481445130585236      ;   7.2442924543615907      ;   7.8538237781278433      ;
           1 ;   34.696471082184374      ;   13.342040620234703      ;   10.010509910096287      ;
           1 ;   34.522419670208556      ;   7.6388255239675340      ;   15.098628307783727      ;
           1 ;   34.525594279112227      ;   7.2927076688632253      ;   27.922469239989162      ;
           1 ;   3.9920294102535721      ;   11.895097086526421      ;   25.727294426128097      ;
           1 ;   30.008465926068478      ;   13.382258133085029      ;   27.096988798924297      ;
           1 ;   31.116406959385962      ;   8.8524513610846700      ;   27.269952952270760      ;
           1 ;   31.420611581687961      ;   11.566632701001518      ;   33.641619961212797      ;
           1 ;   27.156964800861786      ;   13.233977065824678      ;   34.070499489339923      ;
           1 ;   31.200251967414726      ;   11.812550494698050      ;   6.8710996175543277      ;
           1 ;   29.046177774180610      ;   11.342888874855312      ;   2.0590873215690579      ;
           1 ;   30.905401538788784      ;   7.4421649274317323      ;   15.519548198620091      ;
           1 ;   27.857116952434737      ;   10.175534623369941      ;   9.0894596799909610      ;
           1 ;   23.705539362769919      ;   5.9123338886130332      ;   20.545491890327241      ;
           1 ;   27.360806258929848      ;   8.5129736059422463      ;   20.787869140624931      ;
           1 ;   30.582847409727844      ;   10.248148025872180      ;   21.816177888903784      ;
           1 ;   33.266967210758878      ;   11.227169106609441      ;   29.640841766096852      ;
           1 ;   31.448886611038606      ;   14.465820209622429      ;   31.416796988861307      ;
           1 ;   31.517629047200348      ;   15.427341884523862      ;   1.8712991322831163E-002 ;
           1 ;   29.210549419118518      ;   14.746261791688822      ;   4.9533976421324439      ;
           1 ;   2.0447824086244566      ;   20.825409404158783      ;   8.8098071199983945      ;
           1 ;   25.078465776475326      ;   11.147841486854528      ;   6.9203504016783333      ;
           1 ;   30.822522749837319      ;   19.327698846367760      ;   19.022497014636635      ;
           1 ;   32.874395893208074      ;   10.850639704679255      ;   17.033860279487676      ;
           1 ;   29.971399988471397      ;   13.720848370805014      ;   18.137387379518586      ;
           1 ;   33.592596310113848      ;   14.072683323531509      ;   27.206049395090236      ;
           1 ;   30.846992605324630      ;   18.359386393156065      ;   32.804448046060365      ;
           1 ;   27.838138350319621      ;   17.773440095156147      ;   26.979584922668757      ;
           1 ;   26.257434087241993      ;   24.402801134453984      ;   33.802340175473091      ;
           1 ;   31.876955252169715      ;   19.267574900589043      ;   6.5321415450133111      ;
           1 ;   34.089975144608296      ;   23.532552402341480      ;   4.6068398599460858      ;
           1 ;   33.343112173695225      ;   21.752355992073490      ;   15.602000171513314      ;
           1 ;   27.365547774012320      ;   20.754171262062421      ;   17.872360444781719      ;
           1 ;   32.774836314565754      ;   15.073199711018280      ;   19.568352605285114      ;
           1 ;   2.5317101704089384      ;   22.338072738418031      ;   23.994945475336642      ;
           1 ;   31.168554407600610      ;   17.049111271080818      ;   28.620415485911160      ;
           1 ;   26.057315829051191      ;   22.936180538130401      ;   23.955388864655074      ;
           1 ;   29.592866772308092      ;   18.835615768301039      ;   2.5970941405855794      ;
           1 ;   30.065708836397548      ;   22.649296886212962      ;   8.0114179177250087      ;
           1 ;   30.999907346534666      ;   30.715782303593087      ;   9.7236795462103931      ;
           1 ;   29.609045930459217      ;   26.584046171211991      ;   2.2301151855581134      ;
           1 ;   30.089621290968605      ;   18.132289528796427      ;   9.6371382606875979      ;
           1 ;   2.2724969334452489      ;   17.866495075807432      ;   10.745253549723163      ;
           1 ;   33.159588541948914      ;   22.039611047500685      ;   19.959264083523159      ;
           1 ;   31.250237948553892      ;   20.123386195830768      ;   26.418918355391796      ;
           1 ;   23.184517596469409      ;   21.607071114221885      ;   28.948806909889839      ;
           1 ;   33.476660566806473      ;   28.702431822118928      ;   25.778984604413452      ;
           1 ;   30.888917842055605      ;   22.094599903135748      ;   31.989028853030362      ;
           1 ;   34.097033735979181      ;   27.695970838780642      ;   33.142028327807999      ;
           1 ;   27.284618853529143      ;   25.329571031804296      ;   6.4955178995140876      ;
           1 ;   31.320636863793801      ;   25.560261115814004      ;   6.2414259495968496      ;
           1 ;   33.677856366306848      ;   25.000978450384597      ;   13.894833057630699      ;
           1 ;   26.576208857639074      ;   28.252966085888300      ;   13.794956936374671      ;
           1 ;   32.168018767797705      ;   24.551127050992054      ;   17.558245544446734      ;
           1 ;   32.100032661533398      ;   32.115464807902192      ;   27.731974285772555      ;
           1 ;   30.519589622552708      ;   31.656576794424602      ;   31.862320542091869      ;
           1 ;   31.464708768406897      ;   29.235905154875596      ;  0.10009628876791790      ;
           1 ;   29.692735628362076      ;   22.930592094280023      ;   1.1719872053806339      ;
           1 ;   33.854746090576789      ;   31.255109193578829      ;   2.7138490743045911      ;
 -STOP-
