 ---New_Simulation---
        Label               Simulation step                 <E_i>                   E_i
   2.0000000000000000        20000.000000000000       -4.8428488609846250       -4.5474896443241377     
   1.0000000000000000        40000.000000000000       -4.6762080157035211       -5.1789527421718349     
   1.0000000000000000        60000.000000000000       -4.9249511480656984       -5.8148045397014947     
   2.0000000000000000        80000.000000000000       -5.6683015697747914       -7.4211450774853889     
   1.0000000000000000        100000.00000000000       -5.2152623588737486       -6.3640767913257381     
   2.0000000000000000        120000.00000000000       -5.8685388267860930       -5.4830848491187894     
   1.0000000000000000        140000.00000000000       -5.3631655460340131       -5.8805723020164127     
   2.0000000000000000        160000.00000000000       -5.9899229017815925       -7.1810031592966830     
   2.0000000000000000        180000.00000000000       -6.0346522972570993       -6.0746040486889701     
   2.0000000000000000        200000.00000000000       -6.0697038540596999       -6.3588818002933838     
   2.0000000000000000        220000.00000000000       -6.1012659477883195       -6.1478742324038063     
   2.0000000000000000        240000.00000000000       -6.1279449479147026       -6.6608113898241985     
   1.0000000000000000        260000.00000000000       -5.5679829583045164       -6.5429984400538590     
   2.0000000000000000        280000.00000000000       -6.1690872427242658       -5.9590413458742617     
   1.0000000000000000        300000.00000000000       -5.6065987435425351       -5.0807106899571508     
   1.0000000000000000        320000.00000000000       -5.6204664254382504       -6.1295885988740721     
   1.0000000000000000        340000.00000000000       -5.6346844617953433       -5.1674494397402810     
   1.0000000000000000        360000.00000000000       -5.6472742691058597       -6.1973779230364991     
   2.0000000000000000        380000.00000000000       -6.2435971448659533       -5.9502974348130913     
   2.0000000000000000        400000.00000000000       -6.2561391208458188       -5.5437555661487767     
   2.0000000000000000        420000.00000000000       -6.2658119431065797       -6.8652573878225480     
   2.0000000000000000        440000.00000000000       -6.2770055890217513       -5.9784908533360008     
   1.0000000000000000        460000.00000000000       -5.6888844453283545       -5.7416009185869621     
   1.0000000000000000        480000.00000000000       -5.6936024794641469       -5.6833625542843924     
   2.0000000000000000        500000.00000000000       -6.3055682270501761       -6.9513347666714145     
   1.0000000000000000        520000.00000000000       -5.7039695742318433       -5.8361224561539515     
   2.0000000000000000        540000.00000000000       -6.3211214849668886       -7.3729036443670548     
   1.0000000000000000        560000.00000000000       -5.7133110914622707       -6.1559491761441709     
   2.0000000000000000        580000.00000000000       -6.3358428041232662       -5.6633693993230168     
   2.0000000000000000        600000.00000000000       -6.3428827998696677       -5.7613709505595523     
   1.0000000000000000        620000.00000000000       -5.7248383413024611       -5.5492877960172216     
   1.0000000000000000        640000.00000000000       -5.7280942017395615       -5.2326249376327283     
   2.0000000000000000        660000.00000000000       -6.3623962150826596       -7.2765241738466280     
   1.0000000000000000        680000.00000000000       -5.7335954216796026       -5.1627387315134783     
   2.0000000000000000        700000.00000000000       -6.3751950166376510       -6.9417660512564492     
   1.0000000000000000        720000.00000000000       -5.7382805328959572       -6.2357327791906147     
   2.0000000000000000        740000.00000000000       -6.3857113788946727       -7.1758729891024480     
   2.0000000000000000        760000.00000000000       -6.3908208996618123       -5.6634364740555698     
   2.0000000000000000        780000.00000000000       -6.3950587289038481       -7.2878606408855200     
   2.0000000000000000        800000.00000000000       -6.3993390617807426       -6.1783563833287509     
   1.0000000000000000        820000.00000000000       -5.7504316028101217       -6.1086955826828309     
   2.0000000000000000        840000.00000000000       -6.4071638888594435       -7.2646064168000377     
   2.0000000000000000        860000.00000000000       -6.4106584588403477       -7.1027337906590935     
   1.0000000000000000        880000.00000000000       -5.7553053200312396       -5.8554108347341876     
   2.0000000000000000        900000.00000000000       -6.4176458638561718       -7.2029068822471274     
   2.0000000000000000        920000.00000000000       -6.4208363472411349       -6.6766476403087580     
   1.0000000000000000        940000.00000000000       -5.7594956054980848       -6.8580658429474974     
   1.0000000000000000        960000.00000000000       -5.7607268558156486       -5.8644635882610450     
   2.0000000000000000        980000.00000000000       -6.4315185768331045       -6.7387388733504840     
   2.0000000000000000        1000000.0000000000       -6.4351503843453894       -6.1185553633231500     
   1.0000000000000000        1020000.0000000000       -5.7631683378520391       -4.8945094201864965     
   2.0000000000000000        1040000.0000000000       -6.4401929289521647       -7.3654663269692833     
   2.0000000000000000        1060000.0000000000       -6.4428116622917484       -6.5994746751614635     
   2.0000000000000000        1080000.0000000000       -6.4452712874696063       -7.6601493000672241     
   2.0000000000000000        1100000.0000000000       -6.4477606142310897       -7.3266983798492049     
   2.0000000000000000        1120000.0000000000       -6.4502290069622052       -6.6978172812860803     
   1.0000000000000000        1140000.0000000000       -5.7653363713705605       -6.2446331992144772     
   1.0000000000000000        1160000.0000000000       -5.7656827109580497       -5.4965439367062450     
   1.0000000000000000        1180000.0000000000       -5.7660807051476990       -4.8565932022744196     
   1.0000000000000000        1200000.0000000000       -5.7670145733090630       -4.6646323261640701     
   1.0000000000000000        1220000.0000000000       -5.7682439003913499       -5.2775006765176773     
   2.0000000000000000        1240000.0000000000       -6.4618700797390751       -6.7422344927363929     
   1.0000000000000000        1260000.0000000000       -5.7706946583081091       -6.4761516579462519     
   1.0000000000000000        1280000.0000000000       -5.7715681878237701       -5.6149495252206991     
   2.0000000000000000        1300000.0000000000       -6.4676975736410780       -6.7028615894485855     
   1.0000000000000000        1320000.0000000000       -5.7724346475136405       -5.8319806538925816     
   2.0000000000000000        1340000.0000000000       -6.4715243626792951       -6.7678762094407361     
   1.0000000000000000        1360000.0000000000       -5.7730022360033244       -6.4051371014709542     
   2.0000000000000000        1380000.0000000000       -6.4755603714768402       -7.2692254868811093     
   1.0000000000000000        1400000.0000000000       -5.7729139471758737       -4.7196511371558501     
   2.0000000000000000        1420000.0000000000       -6.4785405989989915       -7.2781425034584499     
   2.0000000000000000        1440000.0000000000       -6.4802006472586280       -7.5112384286352052     
   1.0000000000000000        1460000.0000000000       -5.7734926014294352       -5.9833084508739001     
   2.0000000000000000        1480000.0000000000       -6.4831606402044146       -6.0784359191648587     
   1.0000000000000000        1500000.0000000000       -5.7740267703614840       -5.7894665848574158     
   1.0000000000000000        1520000.0000000000       -5.7741162430790860       -4.7005015521919038     
   1.0000000000000000        1540000.0000000000       -5.7747093804959198       -5.5880470407527110     
   1.0000000000000000        1560000.0000000000       -5.7748495005937137       -6.0175616914698766     
   1.0000000000000000        1580000.0000000000       -5.7752495546825671       -5.6265356193221905     
   2.0000000000000000        1600000.0000000000       -6.4937804151164817       -6.5071974180659460     
   2.0000000000000000        1620000.0000000000       -6.4949884458289420       -5.8956599170683495     
   2.0000000000000000        1640000.0000000000       -6.4963034783144922       -7.1822001053630080     
   2.0000000000000000        1660000.0000000000       -6.4976848367214153       -7.3970905016967432     
   2.0000000000000000        1680000.0000000000       -6.4989587133858073       -4.8873984112515645     
   2.0000000000000000        1700000.0000000000       -6.5005172326557634       -6.5312143198470380     
   1.0000000000000000        1720000.0000000000       -5.7764605679307808       -6.1844197486174215     
   1.0000000000000000        1740000.0000000000       -5.7766990777621423       -5.7506887711231700     
   1.0000000000000000        1760000.0000000000       -5.7771504318593863       -5.0664769207277596     
   2.0000000000000000        1780000.0000000000       -6.5062537448092694       -6.7504421771530589     
   2.0000000000000000        1800000.0000000000       -6.5070898200131175       -7.7514248824160887     
   1.0000000000000000        1820000.0000000000       -5.7785976589636388       -4.8578355276051308     
   2.0000000000000000        1840000.0000000000       -6.5089236804596275       -5.1551699771077377     
   1.0000000000000000        1860000.0000000000       -5.7792464191190112       -6.2349434442541645     
   2.0000000000000000        1880000.0000000000       -6.5103276188785202       -7.3439405148710257     
   2.0000000000000000        1900000.0000000000       -6.5114157444637728       -6.5762722465959103     
   2.0000000000000000        1920000.0000000000       -6.5124179699761395       -3.5465721162539463     
   2.0000000000000000        1940000.0000000000       -6.5130602138710652       -7.1864109434372576     
   1.0000000000000000        1960000.0000000000       -5.7786636188046092       -6.5749864803822691     
   2.0000000000000000        1980000.0000000000       -6.5146941778212195       -7.4550750686534499     
   1.0000000000000000        2000000.0000000000       -5.7791900657978585       -4.3310969616463462     
   1.0000000000000000        2020000.0000000000       -5.7792646056950270       -6.2733073654877325     
   2.0000000000000000        2040000.0000000000       -6.5168437957908107       -6.8399532462650310     
   1.0000000000000000        2060000.0000000000       -5.7799051656628695       -6.1054264468747643     
   2.0000000000000000        2080000.0000000000       -6.5178360797077612       -5.9835728606350562     
   1.0000000000000000        2100000.0000000000       -5.7798590028180357       -6.2420972413592608     
   2.0000000000000000        2120000.0000000000       -6.5188983434726904       -6.8875319907637413     
   2.0000000000000000        2140000.0000000000       -6.5194212738863264       -6.9709990276569460     
   2.0000000000000000        2160000.0000000000       -6.5200356069721925       -6.6740429530827035     
   2.0000000000000000        2180000.0000000000       -6.5204022581048280       -5.3586322537968556     
   2.0000000000000000        2200000.0000000000       -6.5210378381163094       -6.6195801057071479     
   1.0000000000000000        2220000.0000000000       -5.7802386562613517       -7.2662870919319751     
   2.0000000000000000        2240000.0000000000       -6.5222089838098469       -7.0674079544093074     
   2.0000000000000000        2260000.0000000000       -6.5226505890708646       -5.3126243858286220     
   2.0000000000000000        2280000.0000000000       -6.5230971385206606       -6.4320288454414509     
   1.0000000000000000        2300000.0000000000       -5.7817170464226546       -5.0562204747093391     
   2.0000000000000000        2320000.0000000000       -6.5238836932526914       -7.4273058780994017     
   2.0000000000000000        2340000.0000000000       -6.5243993272188385       -6.4432314405325899     
   2.0000000000000000        2360000.0000000000       -6.5252785100604003       -6.6610420537226638     
   2.0000000000000000        2380000.0000000000       -6.5260707249516452       -8.0043995981476730     
   1.0000000000000000        2400000.0000000000       -5.7824979872332314       -5.9874050215647623     
   2.0000000000000000        2420000.0000000000       -6.5276690087554430       -7.4588966492390467     
   2.0000000000000000        2440000.0000000000       -6.5281456485436440       -6.9387845972234254     
   1.0000000000000000        2460000.0000000000       -5.7828198018638801       -5.8291243937310186     
   1.0000000000000000        2480000.0000000000       -5.7831976826323315       -5.9808030967774313     
   2.0000000000000000        2500000.0000000000       -6.5298846067986451       -7.3759600650892896     
   1.0000000000000000        2520000.0000000000       -5.7839582144324497       -4.9697850496310254     
   2.0000000000000000        2540000.0000000000       -6.5309537702359268       -6.2330419479393520     
   2.0000000000000000        2560000.0000000000       -6.5315916672607912       -6.6704592798949847     
   1.0000000000000000        2580000.0000000000       -5.7845054305824330       -6.8955679523019766     
   2.0000000000000000        2600000.0000000000       -6.5327900232270331       -6.6842692724741539     
   1.0000000000000000        2620000.0000000000       -5.7844367104116641       -5.7629012647176276     
   1.0000000000000000        2640000.0000000000       -5.7845419923017820       -5.0069281430222503     
   1.0000000000000000        2660000.0000000000       -5.7845807651657282       -5.5419286721429168     
   1.0000000000000000        2680000.0000000000       -5.7846384137037639       -5.8649311476393109     
   2.0000000000000000        2700000.0000000000       -6.5345735212531935       -6.6381186274422843     
   1.0000000000000000        2720000.0000000000       -5.7841868340391480       -5.4340998972329579     
   2.0000000000000000        2740000.0000000000       -6.5352300585087377       -6.1626735453640480     
   1.0000000000000000        2760000.0000000000       -5.7840261843768994       -6.1252133028944407     
   1.0000000000000000        2780000.0000000000       -5.7841709156112309       -5.3834817021273826     
   1.0000000000000000        2800000.0000000000       -5.7842232062040146       -5.4903773769309980     
   1.0000000000000000        2820000.0000000000       -5.7843591997910933       -5.6488942636293924     
   2.0000000000000000        2840000.0000000000       -6.5364401397652463       -7.2590586442896745     
   1.0000000000000000        2860000.0000000000       -5.7846693542960281       -6.2732433868336619     
   2.0000000000000000        2880000.0000000000       -6.5372496276489462       -6.7694630899566093     
   1.0000000000000000        2900000.0000000000       -5.7852596646279828       -5.4234180067749200     
   1.0000000000000000        2920000.0000000000       -5.7853370496712708       -6.5634111766832541     
   2.0000000000000000        2940000.0000000000       -6.5382270157745435       -7.5332097436251173     
   2.0000000000000000        2960000.0000000000       -6.5385986112473766       -6.1607100491656466     
   2.0000000000000000        2980000.0000000000       -6.5390184698854528       -5.9953397505610981     
   1.0000000000000000        3000000.0000000000       -5.7856740820240784       -6.0633836021440022     
   2.0000000000000000        3020000.0000000000       -6.5399092816787752       -7.1629520545356424     
   2.0000000000000000        3040000.0000000000       -6.5402421362782324       -7.2447508690122380     
   1.0000000000000000        3060000.0000000000       -5.7859663847426290       -6.2755816383726133     
   1.0000000000000000        3080000.0000000000       -5.7859206726343375       -5.8024979876051361     
   1.0000000000000000        3100000.0000000000       -5.7858210113769122       -6.4882760497937459     
   2.0000000000000000        3120000.0000000000       -6.5403815857877721       -6.7759579892530484     
   2.0000000000000000        3140000.0000000000       -6.5406260630487418       -7.6769555717174978     
   1.0000000000000000        3160000.0000000000       -5.7860160127090321       -6.2295768186394787     
   1.0000000000000000        3180000.0000000000       -5.7860728295426043       -6.7092029531572503     
   1.0000000000000000        3200000.0000000000       -5.7862258628283989       -6.0507120630440046     
   1.0000000000000000        3220000.0000000000       -5.7863454287844593       -5.8256864742260346     
   1.0000000000000000        3240000.0000000000       -5.7862847721050565       -5.8213862861813785     
   2.0000000000000000        3260000.0000000000       -6.5435546719289288       -5.9450915092107071     
   2.0000000000000000        3280000.0000000000       -6.5438910179023653       -6.7058774837178454     
   1.0000000000000000        3300000.0000000000       -5.7863095697385569       -5.6189683675506945     
   1.0000000000000000        3320000.0000000000       -5.7863052337996459       -6.8219805408312650     
   1.0000000000000000        3340000.0000000000       -5.7861740534440553       -4.6958988955643202     
   1.0000000000000000        3360000.0000000000       -5.7859376820782744       -6.0900539754116618     
   1.0000000000000000        3380000.0000000000       -5.7857541401875583       -5.8692770509519487     
   1.0000000000000000        3400000.0000000000       -5.7856709050203241       -4.2241350232249548     
   2.0000000000000000        3420000.0000000000       -6.5450562144244389       -5.4404032370159587     
   2.0000000000000000        3440000.0000000000       -6.5454052746679512       -6.2083596903754028     
   2.0000000000000000        3460000.0000000000       -6.5458996990391274       -6.9402594803349924     
   2.0000000000000000        3480000.0000000000       -6.5463471941042002       -6.3141055176483221     
   2.0000000000000000        3500000.0000000000       -6.5467543047631604       -7.0147878150647678     
   2.0000000000000000        3520000.0000000000       -6.5470160783792872       -6.7884866142471578     
   2.0000000000000000        3540000.0000000000       -6.5474602278783847       -7.0657471766366609     
   2.0000000000000000        3560000.0000000000       -6.5478661820093640       -6.7921978408195338     
   2.0000000000000000        3580000.0000000000       -6.5482634300516684       -6.8453070614617770     
   1.0000000000000000        3600000.0000000000       -5.7862639791300214       -5.0656127726834521     
   1.0000000000000000        3620000.0000000000       -5.7864567171246559       -5.9593119357448590     
   1.0000000000000000        3640000.0000000000       -5.7864062848236584       -5.2222004828056141     
   2.0000000000000000        3660000.0000000000       -6.5497929160593289       -7.4211042660840931     
   1.0000000000000000        3680000.0000000000       -5.7866229602979784       -5.9395260261605634     
   1.0000000000000000        3700000.0000000000       -5.7868017710176289       -5.4568367492482652     
   1.0000000000000000        3720000.0000000000       -5.7868779376116066       -5.9084095262305771     
   1.0000000000000000        3740000.0000000000       -5.7869534212618907       -5.8789847204441479     
   1.0000000000000000        3760000.0000000000       -5.7870292417333564       -5.8737677670194977     
   2.0000000000000000        3780000.0000000000       -6.5528481698499963       -7.6254004654238647     
   1.0000000000000000        3800000.0000000000       -5.7875213088335036       -6.0798769860997561     
   2.0000000000000000        3820000.0000000000       -6.5539498561742837       -6.4851714571935819     
   2.0000000000000000        3840000.0000000000       -6.5543689870753408       -6.6522820602060886     
   2.0000000000000000        3860000.0000000000       -6.5548421129666732       -7.1281153356089595     
   2.0000000000000000        3880000.0000000000       -6.5552523573091568       -7.4235279941567365     
   2.0000000000000000        3900000.0000000000       -6.5557726461836534       -6.5656906481713033     
   2.0000000000000000        3920000.0000000000       -6.5563473875195681       -6.2180612833750208     
   2.0000000000000000        3940000.0000000000       -6.5567514409920538       -6.7126532350396309     
   1.0000000000000000        3960000.0000000000       -5.7879081537355193       -6.6321767624165053     
   2.0000000000000000        3980000.0000000000       -6.5575097521849557       -6.3663858262750699     
   2.0000000000000000        4000000.0000000000       -6.5581479700161722       -5.6508347442404672     
   2.0000000000000000        4020000.0000000000       -6.5587780003065212       -6.9235158661143110     
   1.0000000000000000        4040000.0000000000       -5.7873326353886796       -5.8000237992899724     
   2.0000000000000000        4060000.0000000000       -6.5594703579878608       -6.2211767693239546     
   1.0000000000000000        4080000.0000000000       -5.7870903119688784       -5.4771504512972529     
   2.0000000000000000        4100000.0000000000       -6.5600172166155364       -7.1143033405719507     
   1.0000000000000000        4120000.0000000000       -5.7869495443782668       -5.3109632135619158     
   1.0000000000000000        4140000.0000000000       -5.7867224292126789       -6.8252739052162559     
   2.0000000000000000        4160000.0000000000       -6.5609366609035282       -6.0691038539337105     
   2.0000000000000000        4180000.0000000000       -6.5613114495345153       -6.8552069049675772     
   1.0000000000000000        4200000.0000000000       -5.7864371762217495       -4.7601914662407978     
   1.0000000000000000        4220000.0000000000       -5.7861998808110249       -6.4300536798090722     
   2.0000000000000000        4240000.0000000000       -6.5621395074001185       -6.0015841051064687     
   2.0000000000000000        4260000.0000000000       -6.5625061440478039       -6.2078189294806245     
   1.0000000000000000        4280000.0000000000       -5.7855446117953599       -6.3515009626507446     
   1.0000000000000000        4300000.0000000000       -5.7853330654679951       -3.7667445109625408     
   1.0000000000000000        4320000.0000000000       -5.7850704100045238       -5.1366857050381780     
   1.0000000000000000        4340000.0000000000       -5.7852100034808824       -4.5696511267339028     
   2.0000000000000000        4360000.0000000000       -6.5643378212219847       -6.3445759951465135     
   2.0000000000000000        4380000.0000000000       -6.5647399183410000       -7.4098280714787599     
   1.0000000000000000        4400000.0000000000       -5.7852316068964686       -5.4166949227069008     
   1.0000000000000000        4420000.0000000000       -5.7851754081759283       -6.6979178690810874     
   2.0000000000000000        4440000.0000000000       -6.5659504252906133       -5.8103328137498407     
   1.0000000000000000        4460000.0000000000       -5.7851818815241662       -5.6521686828156055     
   1.0000000000000000        4480000.0000000000       -5.7852065199858487       -5.1976330619512225     
   1.0000000000000000        4500000.0000000000       -5.7851897005168276       -6.9107841845393416     
   1.0000000000000000        4520000.0000000000       -5.7852734250186533       -6.4798648509931622     
   1.0000000000000000        4540000.0000000000       -5.7854557907263597       -5.5071014855990912     
   1.0000000000000000        4560000.0000000000       -5.7856365482894923       -6.9396944510604150     
   1.0000000000000000        4580000.0000000000       -5.7857429860823668       -5.2437225381789645     
   2.0000000000000000        4600000.0000000000       -6.5688907773532037       -6.3448116012318501     
   2.0000000000000000        4620000.0000000000       -6.5690514361363785       -7.3229312641591182     
   1.0000000000000000        4640000.0000000000       -5.7859639682218242       -5.5623100687099729     
   1.0000000000000000        4660000.0000000000       -5.7859645426309756       -6.4420500685737103     
   1.0000000000000000        4680000.0000000000       -5.7859495385942772       -6.0653551305774549     
   1.0000000000000000        4700000.0000000000       -5.7859585752281202       -5.4440495820494927     
   1.0000000000000000        4720000.0000000000       -5.7860214032357122       -6.7102163233946701     
   1.0000000000000000        4740000.0000000000       -5.7860796350484200       -4.8985894588004957     
   2.0000000000000000        4760000.0000000000       -6.5706790140531997       -5.7312386195443956     
   2.0000000000000000        4780000.0000000000       -6.5709626779639256       -7.1437723240466759     
   2.0000000000000000        4800000.0000000000       -6.5711705853715170       -6.1346797494660956     
   2.0000000000000000        4820000.0000000000       -6.5713118240894399       -5.0688679953459381     
   1.0000000000000000        4840000.0000000000       -5.7867161345819049       -5.2597853750435908     
   2.0000000000000000        4860000.0000000000       -6.5714065274274507       -7.2434039565463184     
   1.0000000000000000        4880000.0000000000       -5.7870796203682868       -5.9959165618721153     
   2.0000000000000000        4900000.0000000000       -6.5715241854045425       -6.8241325451575818     
   2.0000000000000000        4920000.0000000000       -6.5716132810899488       -7.1160953931372770     
   1.0000000000000000        4940000.0000000000       -5.7872761506977461       -5.9444442176811041     
   1.0000000000000000        4960000.0000000000       -5.7873686307769061       -6.5398136171146115     
   1.0000000000000000        4980000.0000000000       -5.7874617257027072       -5.2686602390768744     
   1.0000000000000000        5000000.0000000000       -5.7876372177406328       -6.1520590915832090     
   1.0000000000000000        5020000.0000000000       -5.7877013835652171       -5.8442725065572940     
   2.0000000000000000        5040000.0000000000       -6.5715505041190339       -6.1551829511746368     
   2.0000000000000000        5060000.0000000000       -6.5715169149459971       -6.4145951713557414     
   1.0000000000000000        5080000.0000000000       -5.7873716406765237       -5.2002455376844603     
   2.0000000000000000        5100000.0000000000       -6.5715176149900572       -7.1903723242761384     
   1.0000000000000000        5120000.0000000000       -5.7871496350471849       -6.4993333050826596     
   1.0000000000000000        5140000.0000000000       -5.7872297895664842       -4.7425698851939240     
   2.0000000000000000        5160000.0000000000       -6.5714609202205194       -5.5354274672105532     
   2.0000000000000000        5180000.0000000000       -6.5714909331117495       -7.3676895117879955     
   1.0000000000000000        5200000.0000000000       -5.7878198283003375       -5.8560968019755970     
   1.0000000000000000        5220000.0000000000       -5.7880628204176263       -6.4337239642000199     
   1.0000000000000000        5240000.0000000000       -5.7882112918008870       -5.9474472249726356     
   2.0000000000000000        5260000.0000000000       -6.5712266830437098       -7.1165088674893493     
   2.0000000000000000        5280000.0000000000       -6.5711649309996938       -5.1862832694454326     
   2.0000000000000000        5300000.0000000000       -6.5711151331162458       -7.0140261101461219     
   2.0000000000000000        5320000.0000000000       -6.5709909342091199       -6.8458020372370330     
   1.0000000000000000        5340000.0000000000       -5.7891196264043314       -4.4043409757362468     
   2.0000000000000000        5360000.0000000000       -6.5708674211517009       -6.4500169122459594     
   2.0000000000000000        5380000.0000000000       -6.5707887669270422       -7.5178465162434565     
   1.0000000000000000        5400000.0000000000       -5.7898491505770942       -5.8302429609899198     
   2.0000000000000000        5420000.0000000000       -6.5705451722698394       -5.6553980977478515     
   1.0000000000000000        5440000.0000000000       -5.7901835441055933       -5.4631271996060731     
   1.0000000000000000        5460000.0000000000       -5.7904621403582794       -5.3207325693532059     
   2.0000000000000000        5480000.0000000000       -6.5705326637720471       -5.9009487308297608     
   1.0000000000000000        5500000.0000000000       -5.7908248335442867       -6.3614775679902138     
   2.0000000000000000        5520000.0000000000       -6.5701253821302847       -6.2797707813261470     
   2.0000000000000000        5540000.0000000000       -6.5698313989158068       -7.7326147125764564     
   2.0000000000000000        5560000.0000000000       -6.5697054792416640       -5.9937942144771590     
   1.0000000000000000        5580000.0000000000       -5.7910240994778039       -5.6248005138583119     
   2.0000000000000000        5600000.0000000000       -6.5694626582501767       -6.4900440474011383     
   2.0000000000000000        5620000.0000000000       -6.5694713521424548       -7.5513059499658004     
   2.0000000000000000        5640000.0000000000       -6.5694209702055417       -6.6691925248820336     
   1.0000000000000000        5660000.0000000000       -5.7914721225694974       -5.9128062678011197     
   1.0000000000000000        5680000.0000000000       -5.7916197895594133       -5.3066114766712129     
   2.0000000000000000        5700000.0000000000       -6.5693292310108360       -6.5888191181034728     
   1.0000000000000000        5720000.0000000000       -5.7918122577608546       -4.9459134331339385     
   2.0000000000000000        5740000.0000000000       -6.5693667659080157       -5.9628476319607238     
   1.0000000000000000        5760000.0000000000       -5.7918179977330899       -6.6478119072429465     
   2.0000000000000000        5780000.0000000000       -6.5694085433342417       -6.0047027334883705     
   1.0000000000000000        5800000.0000000000       -5.7917734793772251       -6.7123899357567414     
   2.0000000000000000        5820000.0000000000       -6.5696468773458552       -5.8427107486143077     
   1.0000000000000000        5840000.0000000000       -5.7919217514383261       -5.2406211187922889     
   2.0000000000000000        5860000.0000000000       -6.5697755394055202       -7.5402192393247702     
   2.0000000000000000        5880000.0000000000       -6.5697730521302438       -6.7032095120925810     
   1.0000000000000000        5900000.0000000000       -5.7918526817513225       -6.2853107350381885     
   2.0000000000000000        5920000.0000000000       -6.5698256166571003       -7.1155847281476028     
   2.0000000000000000        5940000.0000000000       -6.5698481333752685       -7.2507476267035935     
   1.0000000000000000        5960000.0000000000       -5.7919022832591383       -5.9078838768298860     
   1.0000000000000000        5980000.0000000000       -5.7918975284182874       -5.4265090857091369     
   2.0000000000000000        6000000.0000000000       -6.5700498385626602       -7.4455013152665686     
   1.0000000000000000        6020000.0000000000       -5.7921287390366309       -5.7183943943980164     
   2.0000000000000000        6040000.0000000000       -6.5700565442702743       -5.9850566386742940     
   1.0000000000000000        6060000.0000000000       -5.7921684746699960       -6.3140123601026712     
   1.0000000000000000        6080000.0000000000       -5.7922591228960281       -5.9211732872931888     
   1.0000000000000000        6100000.0000000000       -5.7923224402611444       -5.6053287280323101     
   2.0000000000000000        6120000.0000000000       -6.5702227225753269       -5.7316401946293336     
   1.0000000000000000        6140000.0000000000       -5.7924571183975573       -5.7570911049941502     
   1.0000000000000000        6160000.0000000000       -5.7924115796629358       -6.5463234399226549     
   1.0000000000000000        6180000.0000000000       -5.7923302751221124       -5.6495386269386856     
   1.0000000000000000        6200000.0000000000       -5.7923203163429973       -5.8544350378610490     
   1.0000000000000000        6220000.0000000000       -5.7923024385719364       -6.2391397823952675     
   1.0000000000000000        6240000.0000000000       -5.7922743894812498       -5.2781606711795810     
   1.0000000000000000        6260000.0000000000       -5.7921960186782329       -5.8408396882175113     
   1.0000000000000000        6280000.0000000000       -5.7922350426788691       -6.6457557540741607     
   2.0000000000000000        6300000.0000000000       -6.5701058453832895       -6.6115672884047605     
   1.0000000000000000        6320000.0000000000       -5.7923547869037311       -6.6096045029270902     
   1.0000000000000000        6340000.0000000000       -5.7924448778990145       -6.2312472143290041     
   2.0000000000000000        6360000.0000000000       -6.5704337762429077       -5.1573350816783448     
   1.0000000000000000        6380000.0000000000       -5.7925427610839044       -4.8155076361663491     
   2.0000000000000000        6400000.0000000000       -6.5707030641359703       -6.3162126968105170     
   2.0000000000000000        6420000.0000000000       -6.5709095970162021       -6.2507025775683713     
   2.0000000000000000        6440000.0000000000       -6.5711353422632985       -5.5853501213366616     
   1.0000000000000000        6460000.0000000000       -5.7925013407258339       -6.6125437591305882     
   2.0000000000000000        6480000.0000000000       -6.5713625385320018       -6.5669547493415896     
   2.0000000000000000        6500000.0000000000       -6.5714764115282103       -6.9334182675466502     
   1.0000000000000000        6520000.0000000000       -5.7926075339979750       -5.7766568055972591     
   1.0000000000000000        6540000.0000000000       -5.7926392023534978       -5.0162056948754783     
   2.0000000000000000        6560000.0000000000       -6.5718920131307970       -6.2589700272663276     
   1.0000000000000000        6580000.0000000000       -5.7928146646827416       -5.3142793593402757     
   1.0000000000000000        6600000.0000000000       -5.7928264888134890       -4.7156695411180349     
   2.0000000000000000        6620000.0000000000       -6.5723689058454804       -7.4986226324710668     
   2.0000000000000000        6640000.0000000000       -6.5725445057611358       -7.0106119682077352     
   1.0000000000000000        6660000.0000000000       -5.7931141979109464       -4.9159073485160185     
   2.0000000000000000        6680000.0000000000       -6.5726208857649473       -6.6357741159860666     
   1.0000000000000000        6700000.0000000000       -5.7931976370281175       -5.8542275559154833     
   2.0000000000000000        6720000.0000000000       -6.5726406649429814       -6.7314045644922871     
   1.0000000000000000        6740000.0000000000       -5.7934133623966444       -5.4494869774652637     
   1.0000000000000000        6760000.0000000000       -5.7935761388631448       -6.4435000318488855     
   2.0000000000000000        6780000.0000000000       -6.5728069916400855       -6.6491948359358224     
   1.0000000000000000        6800000.0000000000       -5.7936889532260603       -5.0757772224331461     
   1.0000000000000000        6820000.0000000000       -5.7936740528071695       -6.1517707107786004     
   2.0000000000000000        6840000.0000000000       -6.5727925235408300       -5.4360801702453712     
   1.0000000000000000        6860000.0000000000       -5.7936822965785986       -6.5116572029032564     
   2.0000000000000000        6880000.0000000000       -6.5725818612712334       -7.0063702369899925     
   1.0000000000000000        6900000.0000000000       -5.7936936039589479       -6.0189095848264129     
   2.0000000000000000        6920000.0000000000       -6.5725188833543262       -5.5624827306039961     
   1.0000000000000000        6940000.0000000000       -5.7937617253595377       -4.7516750132491339     
   2.0000000000000000        6960000.0000000000       -6.5724364969313438       -7.5704128772504395     
   2.0000000000000000        6980000.0000000000       -6.5724179860666556       -6.8169153317163520     
   1.0000000000000000        7000000.0000000000       -5.7939726071374649       -5.8909819388961111     
   2.0000000000000000        7020000.0000000000       -6.5722472196212678       -6.0251408953281329     
   1.0000000000000000        7040000.0000000000       -5.7940938605685917       -4.8220254605424611     
   2.0000000000000000        7060000.0000000000       -6.5720959508343864       -6.3083941462382755     
   1.0000000000000000        7080000.0000000000       -5.7942937725286399       -6.0750933945593664     
   1.0000000000000000        7100000.0000000000       -5.7943880674133919       -4.5378028662622638     
   2.0000000000000000        7120000.0000000000       -6.5722557122912484       -5.0424945513500674     
   1.0000000000000000        7140000.0000000000       -5.7945044796360667       -5.1649660538322646     
   2.0000000000000000        7160000.0000000000       -6.5723740240539312       -7.5833159573077857     
   2.0000000000000000        7180000.0000000000       -6.5725411142720542       -6.8301630254348806     
   1.0000000000000000        7200000.0000000000       -5.7945741888944360       -6.1773148730000038     
   2.0000000000000000        7220000.0000000000       -6.5727215820747569       -4.8854665521796887     
   1.0000000000000000        7240000.0000000000       -5.7945705079042922       -6.0660290737926514     
   1.0000000000000000        7260000.0000000000       -5.7945404227310569       -5.7250293765977123     
   2.0000000000000000        7280000.0000000000       -6.5729476857944409       -7.1929126694057173     
   1.0000000000000000        7300000.0000000000       -5.7945468017375159       -6.2204026885297363     
   1.0000000000000000        7320000.0000000000       -5.7945337680512061       -5.2130295842968284     
   1.0000000000000000        7340000.0000000000       -5.7945876064567869       -5.7398862077334796     
   1.0000000000000000        7360000.0000000000       -5.7946747818624873       -6.3448601226215535     
   2.0000000000000000        7380000.0000000000       -6.5732557916445451       -7.1549030567069734     
   1.0000000000000000        7400000.0000000000       -5.7946968769652312       -5.7498483129803031     
   2.0000000000000000        7420000.0000000000       -6.5733331001962663       -6.5692290467066243     
   1.0000000000000000        7440000.0000000000       -5.7949392736837977       -5.1960186947666616     
   2.0000000000000000        7460000.0000000000       -6.5734765202905567       -5.7305214354494787     
   1.0000000000000000        7480000.0000000000       -5.7950907870678101       -4.9624268220284344     
   2.0000000000000000        7500000.0000000000       -6.5734853132494671       -5.9832342224344774     
   2.0000000000000000        7520000.0000000000       -6.5735417174789808       -5.2510547874066278     
   1.0000000000000000        7540000.0000000000       -5.7951181308706774       -4.3006024452469562     
   1.0000000000000000        7560000.0000000000       -5.7951443128187661       -5.3952983733256197     
   2.0000000000000000        7580000.0000000000       -6.5738101525647412       -6.9004905565691930     
   2.0000000000000000        7600000.0000000000       -6.5738593498904203       -7.1761802303947251     
   2.0000000000000000        7620000.0000000000       -6.5738267515777205       -5.9016366946541439     
   2.0000000000000000        7640000.0000000000       -6.5738438454551069       -6.1532819867559754     
   2.0000000000000000        7660000.0000000000       -6.5738256337190686       -7.0819327711175264     
   1.0000000000000000        7680000.0000000000       -5.7952490129608947       -6.5777995151470590     
   2.0000000000000000        7700000.0000000000       -6.5737842949022260       -6.7381681458697464     
   2.0000000000000000        7720000.0000000000       -6.5736880426483317       -6.3809431248441193     
   2.0000000000000000        7740000.0000000000       -6.5735572304428684       -6.1808598312045433     
   2.0000000000000000        7760000.0000000000       -6.5734602289738655       -6.0219968642746515     
   1.0000000000000000        7780000.0000000000       -5.7955559377924093       -5.5055602734085189     
   1.0000000000000000        7800000.0000000000       -5.7955370592874411       -6.4074521388408536     
   1.0000000000000000        7820000.0000000000       -5.7955727237046819       -5.8570732851217553     
   2.0000000000000000        7840000.0000000000       -6.5731498677460012       -7.1085571324880918     
   2.0000000000000000        7860000.0000000000       -6.5730141637677590       -6.8894795677872498     
   1.0000000000000000        7880000.0000000000       -5.7958298065909934       -6.4869485799057260     
   1.0000000000000000        7900000.0000000000       -5.7958615224943957       -5.4892536623874486     
   1.0000000000000000        7920000.0000000000       -5.7959601010960125       -5.6525259758753519     
   2.0000000000000000        7940000.0000000000       -6.5728592843070981       -7.2966927148162544     
   2.0000000000000000        7960000.0000000000       -6.5729228646271309       -7.0467659397002702     
   2.0000000000000000        7980000.0000000000       -6.5729887929359707       -6.9103252249373535     
   2.0000000000000000        8000000.0000000000       -6.5730349417158296       -6.8231603447940730     
   2.0000000000000000        8020000.0000000000       -6.5730251367448576       -5.8188083282282523     
   1.0000000000000000        8040000.0000000000       -5.7964763239746464       -5.5874665443313223     
   2.0000000000000000        8060000.0000000000       -6.5730024540722374       -6.0707628725509544     
   2.0000000000000000        8080000.0000000000       -6.5728828288645484       -6.6770502687881539     
   1.0000000000000000        8100000.0000000000       -5.7967232847353998       -5.9238662882601822     
   2.0000000000000000        8120000.0000000000       -6.5728275789546009       -6.0124716586213403     
   1.0000000000000000        8140000.0000000000       -5.7970779188469752       -5.6508277133640208     
   1.0000000000000000        8160000.0000000000       -5.7972415311991590       -5.9024610086256324     
   2.0000000000000000        8180000.0000000000       -6.5727571622639340       -6.3918987429908922     
   1.0000000000000000        8200000.0000000000       -5.7975251007372304       -5.6294401823603222     
   1.0000000000000000        8220000.0000000000       -5.7976352840258576       -4.6571739168455482     
   1.0000000000000000        8240000.0000000000       -5.7977161666029016       -5.9327898457625503     
   1.0000000000000000        8260000.0000000000       -5.7978346299989632       -6.2324639571634988     
   1.0000000000000000        8280000.0000000000       -5.7978809327391634       -5.7286436334634114     
   1.0000000000000000        8300000.0000000000       -5.7979552113930373       -6.2735959018717509     
   1.0000000000000000        8320000.0000000000       -5.7980820917709410       -5.5393937637584099     
   2.0000000000000000        8340000.0000000000       -6.5726539931681085       -6.4436194677635221     
   1.0000000000000000        8360000.0000000000       -5.7981426462997341       -6.3353565912355716     
   2.0000000000000000        8380000.0000000000       -6.5727346799338493       -7.2459755952445963     
   1.0000000000000000        8400000.0000000000       -5.7982461690655391       -6.0373782980566828     
   1.0000000000000000        8420000.0000000000       -5.7982820774277783       -6.1383160738896185     
   2.0000000000000000        8440000.0000000000       -6.5726696820866524       -6.8370000519311764     
   2.0000000000000000        8460000.0000000000       -6.5726976064168889       -6.7689624935202932     
   1.0000000000000000        8480000.0000000000       -5.7983946445626646       -6.0822442491919917     
   1.0000000000000000        8500000.0000000000       -5.7983492318579524       -6.6259771645356489     
   2.0000000000000000        8520000.0000000000       -6.5727332622731423       -7.0064867382934342     
   2.0000000000000000        8540000.0000000000       -6.5727397168863497       -5.9260616247752509     
   2.0000000000000000        8560000.0000000000       -6.5727696465236862       -6.8710855932939499     
   1.0000000000000000        8580000.0000000000       -5.7983592482148039       -5.4274231162172226     
   2.0000000000000000        8600000.0000000000       -6.5727607178508975       -7.6630037801724322     
   2.0000000000000000        8620000.0000000000       -6.5728098025340813       -6.8077513360801536     
   2.0000000000000000        8640000.0000000000       -6.5728156815590193       -7.2889825454947665     
   1.0000000000000000        8660000.0000000000       -5.7986442551642634       -4.8860021997739578     
   2.0000000000000000        8680000.0000000000       -6.5727360272601789       -6.4796172791460611     
   2.0000000000000000        8700000.0000000000       -6.5726180754841144       -5.4346265081410490     
   2.0000000000000000        8720000.0000000000       -6.5724784440238579       -6.3573629902504640     
   1.0000000000000000        8740000.0000000000       -5.7988711920372156       -5.6050249160895946     
   1.0000000000000000        8760000.0000000000       -5.7988865131486573       -5.2540537756612151     
   2.0000000000000000        8780000.0000000000       -6.5722738411302331       -6.5380443535011210     
   1.0000000000000000        8800000.0000000000       -5.7990032258671294       -5.3297569883894829     
   1.0000000000000000        8820000.0000000000       -5.7989960625874346       -6.0706184555289724     
   2.0000000000000000        8840000.0000000000       -6.5721551430444105       -5.5853005200367498     
   1.0000000000000000        8860000.0000000000       -5.7990675195063952       -6.7647175198852318     
   1.0000000000000000        8880000.0000000000       -5.7991085475196273       -6.5841637085525200     
   1.0000000000000000        8900000.0000000000       -5.7991230498581796       -5.4680764551738177     
   2.0000000000000000        8920000.0000000000       -6.5720350951045248       -7.2502209220495475     
   1.0000000000000000        8940000.0000000000       -5.7990985592663966       -5.6171684437964702     
   2.0000000000000000        8960000.0000000000       -6.5719317896332390       -6.9651627255334336     
   1.0000000000000000        8980000.0000000000       -5.7990530265482985       -4.9074539083468363     
   2.0000000000000000        9000000.0000000000       -6.5718737792189179       -6.4028717658263892     
   2.0000000000000000        9020000.0000000000       -6.5718279979940206       -6.9924481472685240     
   2.0000000000000000        9040000.0000000000       -6.5718484727883597       -7.0421186715249817     
   1.0000000000000000        9060000.0000000000       -5.7991057443676501       -5.3050847829031920     
   2.0000000000000000        9080000.0000000000       -6.5719150703090152       -6.7349330116932205     
   1.0000000000000000        9100000.0000000000       -5.7991134775780573       -5.3383584424592536     
   2.0000000000000000        9120000.0000000000       -6.5719446288563317       -6.9680520411767013     
   1.0000000000000000        9140000.0000000000       -5.7990433595777953       -5.7371544568890398     
   1.0000000000000000        9160000.0000000000       -5.7990566044180669       -6.1025345672872087     
   2.0000000000000000        9180000.0000000000       -6.5721595118971363       -6.8169380601128795     
   1.0000000000000000        9200000.0000000000       -5.7991672981719953       -6.7432778720736355     
   1.0000000000000000        9220000.0000000000       -5.7992587509401767       -5.8586428730491722     
   2.0000000000000000        9240000.0000000000       -6.5722647527816127       -7.1510680249972856     
   2.0000000000000000        9260000.0000000000       -6.5722646632502038       -6.6281693988145696     
   1.0000000000000000        9280000.0000000000       -5.7993856981251115       -5.3012031573736307     
   2.0000000000000000        9300000.0000000000       -6.5723281134708218       -7.6509431806536092     
   2.0000000000000000        9320000.0000000000       -6.5723367409276960       -6.8406836238002153     
   1.0000000000000000        9340000.0000000000       -5.7994772546664555       -5.9007228795374491     
   2.0000000000000000        9360000.0000000000       -6.5723429378398972       -5.1668846672140498     
   1.0000000000000000        9380000.0000000000       -5.7997022433750915       -6.2936729180449325     
   1.0000000000000000        9400000.0000000000       -5.7998510813403525       -5.7418310548917848     
   2.0000000000000000        9420000.0000000000       -6.5723787246496030       -6.4284423781474285     
   2.0000000000000000        9440000.0000000000       -6.5723540677602283       -6.4134123042905067     
   1.0000000000000000        9460000.0000000000       -5.8000294151031646       -6.0636348675399798     
   1.0000000000000000        9480000.0000000000       -5.8000882843882104       -5.7607042630468648     
   2.0000000000000000        9500000.0000000000       -6.5722173121397462       -5.8784306759046849     
   2.0000000000000000        9520000.0000000000       -6.5722352242266098       -6.3977960310860009     
   1.0000000000000000        9540000.0000000000       -5.8000979680212135       -7.0191085276827847     
   2.0000000000000000        9560000.0000000000       -6.5722967087740951       -7.2592285843198008     
   2.0000000000000000        9580000.0000000000       -6.5723471313764339       -6.0303625904711433     
   2.0000000000000000        9600000.0000000000       -6.5723883626171622       -7.0499232890411943     
   1.0000000000000000        9620000.0000000000       -5.8002880267323302       -5.7341658968198326     
   2.0000000000000000        9640000.0000000000       -6.5723847398059583       -7.7244119043758044     
   1.0000000000000000        9660000.0000000000       -5.8004870226355543       -5.4598093120432853     
   2.0000000000000000        9680000.0000000000       -6.5722289837424999       -6.1963616826386732     
   1.0000000000000000        9700000.0000000000       -5.8006025193934798       -6.5676541795105070     
   1.0000000000000000        9720000.0000000000       -5.8006333229958660       -6.2269606875842536     
   2.0000000000000000        9740000.0000000000       -6.5721827606247034       -6.5413790952324620     
   2.0000000000000000        9760000.0000000000       -6.5721725721458180       -7.5371975685807957     
   2.0000000000000000        9780000.0000000000       -6.5721058981727598       -6.4267418543101096     
   1.0000000000000000        9800000.0000000000       -5.8007179107148747       -4.9512258679706633     
   2.0000000000000000        9820000.0000000000       -6.5720116670917754       -6.7635624295123504     
   2.0000000000000000        9840000.0000000000       -6.5721078136146787       -7.4659964096495415     
   1.0000000000000000        9860000.0000000000       -5.8009064765010994       -6.1295302856766698     
   1.0000000000000000        9880000.0000000000       -5.8009434308673162       -6.4075029437894848     
   2.0000000000000000        9900000.0000000000       -6.5721957592319900       -5.3938102287218488     
   2.0000000000000000        9920000.0000000000       -6.5722547192881633       -7.3170937424838280     
   2.0000000000000000        9940000.0000000000       -6.5722894378055488       -7.0814543097519804     
   1.0000000000000000        9960000.0000000000       -5.8009186147286593       -4.2246046827741850     
   1.0000000000000000        9980000.0000000000       -5.8008774069061255       -6.1292682497489031     
   1.0000000000000000        10000000.000000000       -5.8008387120500009       -5.7908109310061464     
   1.0000000000000000        10020000.000000000       -5.8009118807415634       -6.3091377250986325     
   2.0000000000000000        10040000.000000000       -6.5725735771784732       -5.9413942774538793     
   2.0000000000000000        10060000.000000000       -6.5726143316852390       -6.6701727298413021     
   2.0000000000000000        10080000.000000000       -6.5726972642330832       -6.4868431508535345     
   2.0000000000000000        10100000.000000000       -6.5727130791217858       -6.9970206282476948     
   2.0000000000000000        10120000.000000000       -6.5727747522171871       -6.9732596068423334     
   2.0000000000000000        10140000.000000000       -6.5728220357207965       -7.4123710560088156     
   1.0000000000000000        10160000.000000000       -5.8013301813005516       -6.2952579937264890     
   1.0000000000000000        10180000.000000000       -5.8013385333867706       -6.7626171866124647     
   2.0000000000000000        10200000.000000000       -6.5728248209999416       -5.8952549018952807     
   2.0000000000000000        10220000.000000000       -6.5727735117580943       -6.8676165197087080     
   1.0000000000000000        10240000.000000000       -5.8014295855665061       -6.9898750047624789     
   2.0000000000000000        10260000.000000000       -6.5727919810297282       -7.1210032195761999     
   2.0000000000000000        10280000.000000000       -6.5728488100978097       -6.1914013652879634     
   1.0000000000000000        10300000.000000000       -5.8015935279328170       -5.0271143634027853     
   1.0000000000000000        10320000.000000000       -5.8017034443108102       -6.6546459278362473     
   1.0000000000000000        10340000.000000000       -5.8017476731359068       -5.8636080108991280     
   2.0000000000000000        10360000.000000000       -6.5731460619198874       -5.7130528745963236     
   1.0000000000000000        10380000.000000000       -5.8017000065974091       -5.4063279719976798     
   1.0000000000000000        10400000.000000000       -5.8017317000471893       -6.6155393048800475     
   2.0000000000000000        10420000.000000000       -6.5732445771866592       -7.3201294035025706     
   1.0000000000000000        10440000.000000000       -5.8018036992028765       -6.3564350390482964     
   1.0000000000000000        10460000.000000000       -5.8019073579326053       -5.8191954101339913     
   1.0000000000000000        10480000.000000000       -5.8019394997292411       -6.4289075486163885     
   2.0000000000000000        10500000.000000000       -6.5733789430167420       -6.6523211950761576     
   1.0000000000000000        10520000.000000000       -5.8019057576032598       -4.8743729017330599     
   1.0000000000000000        10540000.000000000       -5.8019260608954708       -5.5341896355403621     
   2.0000000000000000        10560000.000000000       -6.5733547236544760       -7.3402080004523800     
   1.0000000000000000        10580000.000000000       -5.8019381866246844       -5.2479306536473151     
   1.0000000000000000        10600000.000000000       -5.8019526215514317       -5.8238254998578256     
   1.0000000000000000        10620000.000000000       -5.8019648578405061       -5.5794218779572891     
   2.0000000000000000        10640000.000000000       -6.5734422339024272       -7.1392253610143772     
   2.0000000000000000        10660000.000000000       -6.5734155692690530       -6.7788587694753240     
   1.0000000000000000        10680000.000000000       -5.8019942485246112       -6.6589482978516692     
   1.0000000000000000        10700000.000000000       -5.8019840062812351       -5.5408184738301607     
   1.0000000000000000        10720000.000000000       -5.8020418839499079       -5.6590616435479308     
   2.0000000000000000        10740000.000000000       -6.5732949456583745       -7.0908149544794004     
   1.0000000000000000        10760000.000000000       -5.8022335513578636       -6.3208470416255453     
   1.0000000000000000        10780000.000000000       -5.8023112567006550       -5.4452423583086311     
   2.0000000000000000        10800000.000000000       -6.5734432347072307       -6.8278775723091236     
   2.0000000000000000        10820000.000000000       -6.5734316707424414       -7.2336315560578939     
   1.0000000000000000        10840000.000000000       -5.8025892351069421       -6.2984536553737307     
   2.0000000000000000        10860000.000000000       -6.5734821613320813       -5.2361158414590570     
   2.0000000000000000        10880000.000000000       -6.5734867616920338       -7.5959521728604518     
   2.0000000000000000        10900000.000000000       -6.5734332078161808       -6.0782902918896955     
   1.0000000000000000        10920000.000000000       -5.8028389864815191       -6.1994702426230530     
   2.0000000000000000        10940000.000000000       -6.5733570002787287       -6.1841713910061449     
   2.0000000000000000        10960000.000000000       -6.5732633474816700       -7.2248773555288359     
   1.0000000000000000        10980000.000000000       -5.8031160085771480       -6.3880267010567753     
   1.0000000000000000        11000000.000000000       -5.8032746999999798       -5.6547228825666975     
   1.0000000000000000        11020000.000000000       -5.8033918416399892       -6.6106119789736706     
   2.0000000000000000        11040000.000000000       -6.5730619851484420       -6.7983086236853989     
   1.0000000000000000        11060000.000000000       -5.8034847912726466       -5.9701352497956313     
   2.0000000000000000        11080000.000000000       -6.5731102845428948       -6.7013350175716830     
   2.0000000000000000        11100000.000000000       -6.5731176904380506       -5.9077794000882937     
   2.0000000000000000        11120000.000000000       -6.5731561398589671       -6.5134190553640128     
   1.0000000000000000        11140000.000000000       -5.8036028336686192       -5.9567058237073569     
   2.0000000000000000        11160000.000000000       -6.5731449988984609       -6.3563849972109878     
   2.0000000000000000        11180000.000000000       -6.5730791223911309       -7.4703841946633638     
   1.0000000000000000        11200000.000000000       -5.8036783195994586       -4.8219365685553406     
   1.0000000000000000        11220000.000000000       -5.8036795774866672       -4.4888877831393277     
   2.0000000000000000        11240000.000000000       -6.5730892773847636       -6.7276296942995648     
   1.0000000000000000        11260000.000000000       -5.8036168885180617       -5.3588820375633768     
   2.0000000000000000        11280000.000000000       -6.5730903739839057       -6.5958073094724901     
   1.0000000000000000        11300000.000000000       -5.8035438094911962       -6.1842988254656532     
   2.0000000000000000        11320000.000000000       -6.5731004192151339       -6.6961670162315574     
   1.0000000000000000        11340000.000000000       -5.8034955174653868       -6.1266311662585098     
   2.0000000000000000        11360000.000000000       -6.5732244438280771       -6.2618651143012949     
   1.0000000000000000        11380000.000000000       -5.8035298647347613       -6.8581643962487293     
   2.0000000000000000        11400000.000000000       -6.5733395974910707       -6.7705273397796271     
   2.0000000000000000        11420000.000000000       -6.5733682680652139       -5.7587908231765939     
   1.0000000000000000        11440000.000000000       -5.8035625645303295       -6.7531802284640250     
   2.0000000000000000        11460000.000000000       -6.5734697346397448       -6.7340170021580903     
   1.0000000000000000        11480000.000000000       -5.8035716530333552       -6.4912704359834814     
   1.0000000000000000        11500000.000000000       -5.8035935042753692       -5.9870263438319391     
   1.0000000000000000        11520000.000000000       -5.8035803955276606       -6.2029379843809567     
   1.0000000000000000        11540000.000000000       -5.8035982799542545       -5.2944369756484662     
   1.0000000000000000        11560000.000000000       -5.8035789216518658       -5.6301432746379128     
   2.0000000000000000        11580000.000000000       -6.5738808450802635       -6.0028089114612531     
   2.0000000000000000        11600000.000000000       -6.5738923395900350       -7.3705780880256633     
   2.0000000000000000        11620000.000000000       -6.5738703154431457       -7.5113385408859612     
   2.0000000000000000        11640000.000000000       -6.5738801346557967       -6.1028494257910362     
   2.0000000000000000        11660000.000000000       -6.5739748919089251       -7.1567600830968052     
   2.0000000000000000        11680000.000000000       -6.5739670257118403       -6.8382290751937731     
   1.0000000000000000        11700000.000000000       -5.8039542832934039       -5.3023349109177609     
   2.0000000000000000        11720000.000000000       -6.5739918738342649       -6.4749653102050688     
   1.0000000000000000        11740000.000000000       -5.8041461966900538       -4.9391103314147307     
   2.0000000000000000        11760000.000000000       -6.5739217985208906       -6.7605332981783297     
   2.0000000000000000        11780000.000000000       -6.5738635935335648       -7.0917966591555821     
   1.0000000000000000        11800000.000000000       -5.8042523540853823       -5.7499993176407092     
   2.0000000000000000        11820000.000000000       -6.5738468168076798       -6.7618735180878318     
   2.0000000000000000        11840000.000000000       -6.5738619327822958       -6.8934141428437821     
   2.0000000000000000        11860000.000000000       -6.5737892041180901       -5.4820134494152395     
   2.0000000000000000        11880000.000000000       -6.5737473123678960       -6.2511480125196863     
   1.0000000000000000        11900000.000000000       -5.8043751945209809       -5.4286238912895293     
   2.0000000000000000        11920000.000000000       -6.5737149438131555       -6.9159055494105406     
   2.0000000000000000        11940000.000000000       -6.5737085011763128       -6.3774884691595890     
   1.0000000000000000        11960000.000000000       -5.8043996062845036       -5.8441565173667609     
   2.0000000000000000        11980000.000000000       -6.5735848875929008       -7.2250011324607009     
   2.0000000000000000        12000000.000000000       -6.5734711547048290       -6.8049416057155785     
   1.0000000000000000        12020000.000000000       -5.8044949258423708       -4.7361689086644967     
   1.0000000000000000        12040000.000000000       -5.8045835780999795       -5.6478104210911440     
   2.0000000000000000        12060000.000000000       -6.5732878986423042       -6.7784484714453761     
   2.0000000000000000        12080000.000000000       -6.5732067637398481       -6.1545294190911823     
   1.0000000000000000        12100000.000000000       -5.8048065071456794       -4.3999366997833080     
   2.0000000000000000        12120000.000000000       -6.5730769297395293       -7.1875102314228609     
   1.0000000000000000        12140000.000000000       -5.8049432181710365       -6.1124933041575558     
   1.0000000000000000        12160000.000000000       -5.8049971509043043       -5.9758860867929258     
   2.0000000000000000        12180000.000000000       -6.5728952521737645       -6.8841064774570047     
   1.0000000000000000        12200000.000000000       -5.8051546360971011       -5.7155870998456475     
