 # Label    x    y   z
  1    ;   1.0000000000000000      ;   0.0000000000000000      ;   0.0050000000000000      ;
  2    ;   3.0000000000000000      ;   4.0000000000000000      ;   0.0000000000000000      ;
  2    ;   0.0000000000000000      ;   4.0000000000000000      ;   0.0000000000000000      ;
 -STOP-
 Dummy     ;   1.0000000000000000      ;   0.0000000000000000      ;   0.0000000000000000      ;
 Dummy     ;   0.0000000000000000      ;   0.0000000000000000      ;   0.0000000000000000      ;
 -STOP-
 Dummy     ;   1.0000000000000000      ;   0.0000000000000000      ;   0.0000000000000000      ;
 Dummy     ;   0.0000000000000000      ;   0.0000000000000000      ;   0.0000000000000000      ;
 -STOP-
 Dummy     ;   1.0000000000000000      ;   0.0000000000000000      ;   0.0000000000000000      ;
 Dummy     ;   0.0000000000000000      ;   0.0000000000000000      ;   0.0000000000000000      ;
 -STOP-
 Dummy     ;   1.0000000000000000      ;   0.0000000000000000      ;   0.0000000000000000      ;
 Dummy     ;   0.0000000000000000      ;   0.0000000000000000      ;   0.0000000000000000      ;
 -STOP-
 Dummy     ;   1.0000000000000000      ;   0.0000000000000000      ;   0.0000000000000000      ;
 Dummy     ;   0.0000000000000000      ;   0.0000000000000000      ;   0.0000000000000000      ;
 -STOP-
 Dummy     ;   1.0000000000000000      ;   0.0000000000000000      ;   0.0000000000000000      ;
 Dummy     ;   0.0000000000000000      ;   0.0000000000000000      ;   0.0000000000000000      ;
 -STOP-
 Dummy     ;   1.0000000000000000      ;   0.0000000000000000      ;   0.0000000000000000      ;
 Dummy     ;   0.0000000000000000      ;   0.0000000000000000      ;   0.0000000000000000      ;
 -STOP-
 Dummy     ;   1.0000000000000000      ;   0.0000000000000000      ;   0.0000000000000000      ;
 Dummy     ;   0.0000000000000000      ;   0.0000000000000000      ;   0.0000000000000000      ;
 -STOP-
 Dummy     ;   1.0000000000000000      ;   0.0000000000000000      ;   0.0000000000000000      ;
 Dummy     ;   0.0000000000000000      ;   0.0000000000000000      ;   0.0000000000000000      ;
 -STOP-
 Dummy     ;   1.0000000000000000      ;   0.0000000000000000      ;   0.0000000000000000      ;
 Dummy     ;   0.0000000000000000      ;   2.0000000000000000      ;   3.0000000000000000      ;
 -STOP-
 Dummy     ;   1.0000000000000000      ;   0.0000000000000000      ;   0.0000000000000000      ;
 Dummy     ;   0.0000000000000000      ;   0.0000000000000000      ;   0.0000000000000000      ;
 -STOP-
           1 ;   0.0000000000000000      ;   0.0000000000000000      ;   0.0000000000000000      ;
           2 ;   0.0000000000000000      ;   0.0000000000000000      ;   0.0000000000000000      ;
 -STOP-
           1 ;   0.0000000000000000      ;   0.0000000000000000      ;   0.0000000000000000      ;
           2 ;   0.0000000000000000      ;   0.0000000000000000      ;   0.0000000000000000      ;
 -STOP-
           1 ;   0.0000000000000000      ;   0.0000000000000000      ;   0.0000000000000000      ;
           2 ;   0.0000000000000000      ;   0.0000000000000000      ;   0.0000000000000000      ;
 -STOP-
           1 ;   0.0000000000000000      ;   0.0000000000000000      ;   0.0000000000000000      ;
           2 ;   0.0000000000000000      ;   0.0000000000000000      ;   0.0000000000000000      ;
 -STOP-
           1 ;   0.0000000000000000      ;   0.0000000000000000      ;   0.0000000000000000      ;
           2 ;   0.0000000000000000      ;   0.0000000000000000      ;   0.0000000000000000      ;
 -STOP-
           1 ;   1.0000000000000000      ;   0.0000000000000000      ;   0.0000000000000000      ;
           2 ;   0.0000000000000000      ;   0.0000000000000000      ;   0.0000000000000000      ;
 -STOP-
           1 ;   1.0000000000000000      ;   0.0000000000000000      ;   0.0000000000000000      ;
           2 ;   0.0000000000000000      ;   0.0000000000000000      ;   0.0000000000000000      ;
 -STOP-
           1 ;   1.0000000000000000      ;   0.0000000000000000      ;   0.0000000000000000      ;
           2 ;   0.0000000000000000      ;   0.0000000000000000      ;   0.0000000000000000      ;
 -STOP-
           1 ;   1.0000000000000000      ;   0.0000000000000000      ;   0.0000000000000000      ;
           2 ;   0.0000000000000000      ;   0.0000000000000000      ;   0.0000000000000000      ;
 -STOP-
           1 ;   1.0000000000000000      ;   0.0000000000000000      ;   0.0000000000000000      ;
           2 ;   0.0000000000000000      ;   0.0000000000000000      ;   0.0000000000000000      ;
 -STOP-
           1 ;   1.0000000000000000      ;   0.0000000000000000      ;   5.0000000000000001E-003 ;
           2 ;   0.0000000000000000      ;   4.0000000000000000      ;   0.0000000000000000      ;
 -STOP-
           1 ;   1.0000000000000000      ;   0.0000000000000000      ;   4.0000000000000000      ;
           2 ;   3.0000000000000000      ;   4.0000000000000000      ;   0.0000000000000000      ;
 -STOP-
           1 ;   1.0000000000000000      ;   0.0000000000000000      ;   4.0000000000000000      ;
           2 ;   3.0000000000000000      ;   4.0000000000000000      ;   0.0000000000000000      ;
 -STOP-
           1 ;   1.0000000000000000      ;   0.0000000000000000      ;   4.0000000000000000      ;
           2 ;   3.0000000000000000      ;   4.0000000000000000      ;   0.0000000000000000      ;
 -STOP-
           1 ;   1.0000000000000000      ;   0.0000000000000000      ;   5.0000000000000001E-003 ;
           2 ;   3.0000000000000000      ;   4.0000000000000000      ;   0.0000000000000000      ;
           2 ;   0.0000000000000000      ;   4.0000000000000000      ;   0.0000000000000000      ;
 -STOP-
           1 ;   1.0000000000000000      ;   0.0000000000000000      ;   5.0000000000000001E-003 ;
           2 ;   3.0000000000000000      ;   4.0000000000000000      ;   0.0000000000000000      ;
           2 ;   0.0000000000000000      ;   4.0000000000000000      ;   0.0000000000000000      ;
 -STOP-
           1 ;   1.0000000000000000      ;   0.0000000000000000      ;   5.0000000000000001E-003 ;
           2 ;   3.0000000000000000      ;   4.0000000000000000      ;   0.0000000000000000      ;
           2 ;   0.0000000000000000      ;   4.0000000000000000      ;   0.0000000000000000      ;
 -STOP-
           1 ;   1.0000000000000000      ;   0.0000000000000000      ;   5.0000000000000001E-003 ;
           2 ;   3.0000000000000000      ;   4.0000000000000000      ;   0.0000000000000000      ;
           2 ;   0.0000000000000000      ;   4.0000000000000000      ;   0.0000000000000000      ;
 -STOP-
           1 ;   1.0000000000000000      ;   0.0000000000000000      ;   5.0000000000000001E-003 ;
           2 ;   3.0000000000000000      ;   4.0000000000000000      ;   0.0000000000000000      ;
           2 ;   0.0000000000000000      ;   4.0000000000000000      ;   0.0000000000000000      ;
 -STOP-
 -STOP-
