 LabelSimulation step<E_i>E_i
   1.0000000000000000        1.0000000000000000      -0.40242315807404888      -0.40242315807404888     
   1.0000000000000000        2.0000000000000000      -0.39425168167037339      -0.38608020526669795     
   1.0000000000000000        3.0000000000000000      -0.38562685191149493      -0.36837719239373801     
   1.0000000000000000        4.0000000000000000      -0.44241352279932822      -0.61277353546282798     
   1.0000000000000000        5.0000000000000000      -0.45354000660724775      -0.49804594183892570     
   1.0000000000000000        6.0000000000000000      -0.47820984788138526      -0.60155905425207290     
   1.0000000000000000        7.0000000000000000      -0.46731125630546549      -0.40191970684994704     
   1.0000000000000000        8.0000000000000000      -0.45858734508732513      -0.39751996656034233     
   1.0000000000000000        9.0000000000000000      -0.44997239329246175      -0.38105277893355438     
   1.0000000000000000        10.000000000000000      -0.46514362902178752      -0.60168475058571913     
 ---New_Simulation---
 LabelSimulation step<E_i>E_i
   1.0000000000000000        1.0000000000000000      -0.39263770154119781      -0.39263770154119781     
   1.0000000000000000        2.0000000000000000      -0.40767474260501224      -0.42271178366882667     
   1.0000000000000000        3.0000000000000000      -0.34431240163714932      -0.21758771970142354     
   1.0000000000000000        4.0000000000000000      -0.35675584753782885      -0.39408618523986738     
   1.0000000000000000        5.0000000000000000      -0.37151928419379682      -0.43057303081766879     
   1.0000000000000000        6.0000000000000000      -0.38773248617787465      -0.46879849609826374     
   1.0000000000000000        7.0000000000000000      -0.42610371375521500      -0.65633107921925715     
   1.0000000000000000        8.0000000000000000      -0.40233524158788153      -0.23595593641654694     
   1.0000000000000000        9.0000000000000000      -0.41728449250928606      -0.53687849988052250     
   1.0000000000000000        10.000000000000000      -0.39461419430191380      -0.19058151043556351     
 ---New_Simulation---
 LabelSimulation step<E_i>E_i
   1.0000000000000000        1.0000000000000000      -0.41789172296490379      -0.41789172296490379     
   1.0000000000000000        2.0000000000000000      -0.40906377940270544      -0.40023583584050715     
   1.0000000000000000        3.0000000000000000      -0.33730574235433775      -0.19378966825760233     
   1.0000000000000000        4.0000000000000000      -0.30156290484819415      -0.19433439232976332     
   1.0000000000000000        5.0000000000000000      -0.32842525319138077      -0.43587464656412722     
   1.0000000000000000        6.0000000000000000      -0.30393664362545442      -0.18149359579582269     
   1.0000000000000000        7.0000000000000000      -0.31755392869577620      -0.39925763911770740     
   1.0000000000000000        8.0000000000000000      -0.32716719992267151      -0.39446009851093855     
   1.0000000000000000        9.0000000000000000      -0.29081528882015245        0.0000000000000000     
   1.0000000000000000        10.000000000000000      -0.30390046954532079      -0.42166709607183550     
 ---New_Simulation---
 LabelSimulation step<E_i>E_i
   1.0000000000000000        1.0000000000000000      -0.38114253937989462      -0.38114253937989462     
   1.0000000000000000        2.0000000000000000      -0.49738322264014784      -0.61362390590040106     
   1.0000000000000000        3.0000000000000000      -0.46223514819883338      -0.39193899931620441     
   1.0000000000000000        4.0000000000000000      -0.44900310060452364      -0.40930695782159449     
   1.0000000000000000        5.0000000000000000      -0.39608571690902772      -0.18441618212704397     
   1.0000000000000000        6.0000000000000000      -0.40682515590796653      -0.46052235090266047     
   1.0000000000000000        7.0000000000000000      -0.40323280627584973      -0.38167870848314889     
   1.0000000000000000        8.0000000000000000      -0.37914480393277405      -0.21052878753124418     
   1.0000000000000000        9.0000000000000000      -0.38347612716298918      -0.41812671300470988     
   1.0000000000000000        10.000000000000000      -0.39416997201271414      -0.49041457566023905     
 ---New_Simulation---
 LabelSimulation step<E_i>E_i
   1.0000000000000000        1.0000000000000000      -0.20502210081768238      -0.20502210081768238     
   1.0000000000000000        2.0000000000000000      -0.30952115839094696      -0.41402021596421157     
   1.0000000000000000        3.0000000000000000      -0.41205336315829610      -0.61711777269299439     
   1.0000000000000000        4.0000000000000000      -0.42959379150398036      -0.48221507654103302     
   1.0000000000000000        5.0000000000000000      -0.42473492672593605      -0.40529946761375885     
   1.0000000000000000        6.0000000000000000      -0.42091768428126231      -0.40183147205789377     
   1.0000000000000000        7.0000000000000000      -0.42212513620795011      -0.42936984776807685     
   1.0000000000000000        8.0000000000000000      -0.42942561369897431      -0.48052895613614377     
   1.0000000000000000        9.0000000000000000      -0.40776412972886072      -0.23447225796795226     
   1.0000000000000000        10.000000000000000      -0.41785479667683684      -0.50867079920862168     
 ---New_Simulation---
 Label      Simulation step        <E_i>        E_i
   1.0000000000000000        1.0000000000000000      -0.40547994680642369      -0.40547994680642369     
   1.0000000000000000        2.0000000000000000      -0.41515769913630490      -0.42483545146618612     
   1.0000000000000000        3.0000000000000000      -0.46896212776626395      -0.57657098502618220     
   1.0000000000000000        4.0000000000000000      -0.45999420865193835      -0.43309045130896157     
   1.0000000000000000        5.0000000000000000      -0.45082016365493127      -0.41412398366690262     
   1.0000000000000000        6.0000000000000000      -0.40624385307884109      -0.18336230019839056     
   1.0000000000000000        7.0000000000000000      -0.43426119865388296      -0.60236527210413415     
   1.0000000000000000        8.0000000000000000      -0.43061734154390235      -0.40511034177403804     
   1.0000000000000000        9.0000000000000000      -0.40324465449432650      -0.18426315809771993     
   1.0000000000000000        10.000000000000000      -0.40222675249312123      -0.39306563448227350     
 ---New_Simulation---
    Label      Simulation step        <E_i>        E_i
   1.0000000000000000        1.0000000000000000      -0.36936289032860548      -0.36936289032860548     
   1.0000000000000000        2.0000000000000000      -0.38317057128184184      -0.39697825223507816     
   1.0000000000000000        3.0000000000000000      -0.38901358817617132      -0.40069962196483011     
   1.0000000000000000        4.0000000000000000      -0.38696820086390760      -0.38083203892711648     
   1.0000000000000000        5.0000000000000000      -0.39587952220181177      -0.43152480755342859     
   1.0000000000000000        6.0000000000000000      -0.43771410905249186      -0.64688704330589220     
   1.0000000000000000        7.0000000000000000      -0.43294717110146802      -0.40434554339532469     
   1.0000000000000000        8.0000000000000000      -0.40703337415761304      -0.22563679555062841     
   1.0000000000000000        9.0000000000000000      -0.41447180540416934      -0.47397925537661989     
   1.0000000000000000        10.000000000000000      -0.41391548219674706      -0.40890857332994640     
 ---New_Simulation---
        Label       Simulation step                 <E_i>               E_i
   1.0000000000000000        1.0000000000000000      -0.55191023884519730      -0.55191023884519730     
   1.0000000000000000        2.0000000000000000      -0.59716246415648966      -0.64241468946778213     
   1.0000000000000000        3.0000000000000000      -0.52934722907574250      -0.39371675891424818     
   1.0000000000000000        4.0000000000000000      -0.49815496656851987      -0.40457817904685189     
   1.0000000000000000        5.0000000000000000      -0.47198113770932942      -0.36728582227256767     
   1.0000000000000000        6.0000000000000000      -0.42761525643480702      -0.20578585006219499     
   1.0000000000000000        7.0000000000000000      -0.42186734742153448      -0.38737989334189915     
   1.0000000000000000        8.0000000000000000      -0.42678611246559328      -0.46121746777400463     
   1.0000000000000000        9.0000000000000000      -0.45570440882198721      -0.68705077967313910     
   1.0000000000000000        10.000000000000000      -0.44853205145271496      -0.38398083512926490     
 ---New_Simulation---
        Label               Simulation step                 <E_i>               E_i
   1.0000000000000000        1.0000000000000000      -0.56596672960942362      -0.56596672960942362     
   1.0000000000000000        2.0000000000000000      -0.48474001584125204      -0.40351330207308045     
   1.0000000000000000        3.0000000000000000      -0.45041522230589875      -0.38176563523519219     
   1.0000000000000000        4.0000000000000000      -0.39744925699057099      -0.23855136104458777     
   1.0000000000000000        5.0000000000000000      -0.40060842132473357      -0.41324507866138416     
   1.0000000000000000        6.0000000000000000      -0.40685934616924002      -0.43811397039177236     
   1.0000000000000000        7.0000000000000000      -0.40196755013609070      -0.37261677393719467     
   1.0000000000000000        8.0000000000000000      -0.38431329555488969      -0.26073351348648260     
   1.0000000000000000        9.0000000000000000      -0.39461917924734391      -0.47706624878697773     
   1.0000000000000000        10.000000000000000      -0.39508811989485632      -0.39930858572246808     
   1.0000000000000000        1.0000000000000000      -0.47706624878697773      -0.47706624878697773     
   1.0000000000000000        2.0000000000000000      -0.47993538367582433      -0.48280451856467099     
   1.0000000000000000        3.0000000000000000      -0.46713173787006607      -0.44152444625854947     
   1.0000000000000000        4.0000000000000000      -0.45496509818479847      -0.41846517912899572     
   1.0000000000000000        5.0000000000000000      -0.45783221035569610      -0.46930065903928664     
   1.0000000000000000        6.0000000000000000      -0.46175708466255094      -0.48138145619682493     
   1.0000000000000000        7.0000000000000000      -0.46251728974417716      -0.46707852023393470     
   1.0000000000000000        8.0000000000000000      -0.47292079406549004      -0.54574532431467992     
   1.0000000000000000        9.0000000000000000      -0.47490005596387935      -0.49073415115099395     
   1.0000000000000000        10.000000000000000      -0.44896578624339201      -0.21555735875900645     
   1.0000000000000000        1.0000000000000000      -0.51135935162492485      -0.51135935162492485     
   1.0000000000000000        2.0000000000000000      -0.51667655591588590      -0.52199376020684685     
   1.0000000000000000        3.0000000000000000      -0.50219715748297622      -0.47323836061715685     
   1.0000000000000000        4.0000000000000000      -0.55023147286672280      -0.69433441901796245     
   1.0000000000000000        5.0000000000000000      -0.52680050431123893      -0.43307663008930375     
   1.0000000000000000        6.0000000000000000      -0.51293077662116671      -0.44358213817080494     
   1.0000000000000000        7.0000000000000000      -0.50192433550937443      -0.43588568883862100     
   1.0000000000000000        8.0000000000000000      -0.49827313619838953      -0.47271474102149513     
   1.0000000000000000        9.0000000000000000      -0.49775029954126332      -0.49356760628425361     
   1.0000000000000000        10.000000000000000      -0.51274330962025549      -0.64768040033118535     
   1.0000000000000000        1.0000000000000000      -0.78075743469661651      -0.78075743469661651     
   1.0000000000000000        2.0000000000000000      -0.59439867764644383      -0.40803992059627114     
   1.0000000000000000        3.0000000000000000      -0.57267845583009169      -0.52923801219738753     
   1.0000000000000000        4.0000000000000000      -0.56181834492191562      -0.52923801219738753     
   1.0000000000000000        5.0000000000000000      -0.50429796659849213      -0.27421645330479838     
   1.0000000000000000        6.0000000000000000      -0.50550015515578417      -0.51151109794224459     
   1.0000000000000000        7.0000000000000000      -0.49315952902028964      -0.41911577220732238     
   1.0000000000000000        8.0000000000000000      -0.45991358464479304      -0.22719197401631674     
   1.0000000000000000        9.0000000000000000      -0.46666728365094201      -0.52069687570013423     
   1.0000000000000000        10.000000000000000      -0.46852281287939934      -0.48522257593551565     
   1.0000000000000000        1.0000000000000000      -0.49955095838576391      -0.49955095838576391     
   1.0000000000000000        2.0000000000000000      -0.44035239183583907      -0.38115382528591424     
   1.0000000000000000        3.0000000000000000      -0.53186421627430025      -0.71488786515122238     
   1.0000000000000000        4.0000000000000000      -0.50159841435450314      -0.41080100859511215     
   1.0000000000000000        5.0000000000000000      -0.47698683580954493      -0.37854052162971208     
   1.0000000000000000        6.0000000000000000      -0.46019992762051326      -0.37626538667535470     
   1.0000000000000000        7.0000000000000000      -0.44768020962997696      -0.37256190168675940     
   1.0000000000000000        8.0000000000000000      -0.43829042113707473      -0.37256190168675940     
   1.0000000000000000        9.0000000000000000      -0.46979231130495269      -0.72180743264797587     
   1.0000000000000000        10.000000000000000      -0.47724121827942395      -0.54428138104966561     
   1.0000000000000000        1.0000000000000000      -0.21644641205449272      -0.21644641205449272     
   1.0000000000000000        2.0000000000000000      -0.31809487890160182      -0.41974334574871097     
   1.0000000000000000        3.0000000000000000      -0.34345488869733232      -0.39417490828879331     
   1.0000000000000000        4.0000000000000000      -0.44745143343058924      -0.75944106763036012     
   1.0000000000000000        5.0000000000000000      -0.43741705384911905      -0.39727953552323847     
   1.0000000000000000        6.0000000000000000      -0.45703959012720596      -0.55515227151764057     
   1.0000000000000000        7.0000000000000000      -0.44850243946949631      -0.39727953552323847     
   1.0000000000000000        8.0000000000000000      -0.44283351412870753      -0.40315103674318586     
   1.0000000000000000        9.0000000000000000      -0.47132675321148426      -0.69927266587369841     
   1.0000000000000000        10.000000000000000      -0.49641245571835102      -0.72218377828015123     
   1.0000000000000000        1.0000000000000000      -0.49640283011621411      -0.49640283011621411     
   1.0000000000000000        2.0000000000000000      -0.48830843586811468      -0.48021404162001519     
   1.0000000000000000        3.0000000000000000      -0.47699023005072511      -0.45435381841594591     
   1.0000000000000000        4.0000000000000000      -0.55219598115712420      -0.77781323447632156     
   1.0000000000000000        5.0000000000000000      -0.53477506580511158      -0.46509140439706120     
   1.0000000000000000        6.0000000000000000      -0.57164745108560744      -0.75600937748808650     
   1.0000000000000000        7.0000000000000000      -0.55246419963852134      -0.43736469095600483     
   1.0000000000000000        8.0000000000000000      -0.54539386275438395      -0.49590150456542226     
   1.0000000000000000        9.0000000000000000      -0.53791906554760283      -0.47812068789335394     
   1.0000000000000000        10.000000000000000      -0.53549127587004430      -0.51364116877201793     
   1.0000000000000000        1.0000000000000000      -0.69938656378403152      -0.69938656378403152     
   1.0000000000000000        2.0000000000000000      -0.51639554913741115      -0.33340453449079072     
   1.0000000000000000        3.0000000000000000      -0.54016754283823420      -0.58771153023988021     
   1.0000000000000000        4.0000000000000000      -0.54591987417787002      -0.56317686819677748     
   1.0000000000000000        5.0000000000000000      -0.50077053093699586      -0.32017315797349899     
   1.0000000000000000        6.0000000000000000      -0.52211653053179641      -0.62884652850579892     
   1.0000000000000000        7.0000000000000000      -0.52728553964853742      -0.55829959434898369     
   1.0000000000000000        8.0000000000000000      -0.53852485422871288      -0.61720005628994112     
   1.0000000000000000        9.0000000000000000      -0.54640150635581497      -0.60941472337263169     
   1.0000000000000000        10.000000000000000      -0.54549607560255464      -0.53734719882321047     
   1.0000000000000000        1.0000000000000000      -0.37160894159624874      -0.37160894159624874     
   1.0000000000000000        2.0000000000000000      -0.65329577784027915      -0.93498261408430960     
   1.0000000000000000        3.0000000000000000      -0.65743560106804322      -0.66571524752357114     
   1.0000000000000000        4.0000000000000000      -0.73515300932557059      -0.96830523409815283     
   1.0000000000000000        5.0000000000000000      -0.67738608274724454      -0.44631837643394046     
   1.0000000000000000        6.0000000000000000      -0.64619202090847905      -0.49022171171465179     
   1.0000000000000000        7.0000000000000000      -0.63096752695508684      -0.53962056323473395     
   1.0000000000000000        8.0000000000000000      -0.62078242431612263      -0.54948670584337278     
   1.0000000000000000        9.0000000000000000      -0.63422816788414849      -0.74179411642835502     
   1.0000000000000000        10.000000000000000      -0.61822105852795550      -0.47415707432221821     
   1.0000000000000000        1.0000000000000000      -0.46678698624307619      -0.46678698624307619     
   1.0000000000000000        2.0000000000000000      -0.80581694722190578       -1.1448469082007353     
   1.0000000000000000        3.0000000000000000      -0.75267471263473285      -0.64639024346038709     
   1.0000000000000000        4.0000000000000000      -0.85797231567518994       -1.1738651247965612     
   1.0000000000000000        5.0000000000000000      -0.81128443629053792      -0.62453291875193018     
   1.0000000000000000        6.0000000000000000      -0.79782626554463043      -0.73053541181509285     
   1.0000000000000000        7.0000000000000000      -0.77568708405447195      -0.64285199511352076     
   1.0000000000000000        8.0000000000000000      -0.74940784587887277      -0.56545317864967892     
   1.0000000000000000        9.0000000000000000      -0.74086941859770439      -0.67256200034835711     
   1.0000000000000000        10.000000000000000      -0.78796266464809361       -1.2118018791015968     
   1.0000000000000000        1.0000000000000000      -0.61262485040875703      -0.61262485040875703     
   1.0000000000000000        2.0000000000000000      -0.60007974971048728      -0.58753464901221752     
   1.0000000000000000        3.0000000000000000      -0.56651334184310465      -0.49938052610833938     
   1.0000000000000000        4.0000000000000000      -0.53861874212329242      -0.45493494296385578     
   1.0000000000000000        5.0000000000000000      -0.57219340897201187      -0.70649207636688982     
   1.0000000000000000        6.0000000000000000      -0.59197660377830397      -0.69089257780976443     
   1.0000000000000000        7.0000000000000000      -0.57969566592785937      -0.50601003882519202     
   1.0000000000000000        8.0000000000000000      -0.58406902175072262      -0.61468251251076567     
   1.0000000000000000        9.0000000000000000      -0.59733285425247806      -0.70344351426652207     
   1.0000000000000000        10.000000000000000      -0.58530677320651681      -0.47707204379286505     
   1.0000000000000000        1.0000000000000000      -0.52809520758491257      -0.52809520758491257     
   1.0000000000000000        2.0000000000000000      -0.62266795996789259      -0.71724071235087261     
   1.0000000000000000        3.0000000000000000      -0.78026108336119659       -1.0954473301478047     
   1.0000000000000000        4.0000000000000000      -0.85905764505784865       -1.0954473301478047     
   1.0000000000000000        5.0000000000000000      -0.79805681576111420      -0.55405349857417652     
   1.0000000000000000        6.0000000000000000      -0.73682477864220486      -0.43066459304765797     
   1.0000000000000000        7.0000000000000000      -0.70059315945438816      -0.48320344432748780     
   1.0000000000000000        8.0000000000000000      -0.67079664209923606      -0.46222102061317122     
   1.0000000000000000        9.0000000000000000      -0.64996711690080489      -0.48333091531335537     
   1.0000000000000000        10.000000000000000      -0.63433475452793464      -0.49364349317210254     
   1.0000000000000000        1.0000000000000000       -1.0889836179451255       -1.0889836179451255     
   1.0000000000000000        2.0000000000000000      -0.83503015825564986      -0.58107669856617428     
   1.0000000000000000        3.0000000000000000      -0.69553201534094777      -0.41653572951154350     
   1.0000000000000000        4.0000000000000000      -0.78518279704576566       -1.0541351421602190     
   1.0000000000000000        5.0000000000000000      -0.72790892738196367      -0.49881344872675604     
   1.0000000000000000        6.0000000000000000      -0.64504331946112603      -0.23071527985693754     
   1.0000000000000000        7.0000000000000000      -0.60778010089686663      -0.38420078951130998     
   1.0000000000000000        8.0000000000000000      -0.56055280325048595      -0.22996171972582141     
   1.0000000000000000        9.0000000000000000      -0.62189017885750131       -1.1125891837136239     
   1.0000000000000000        10.000000000000000      -0.59908458837723999      -0.39383427405488813     
   1.0000000000000000        1.0000000000000000       -1.1409365229945336       -1.1409365229945336     
   1.0000000000000000        2.0000000000000000      -0.82038654442379966      -0.49983656585306580     
   1.0000000000000000        3.0000000000000000      -0.70225611617016559      -0.46599525966289734     
   1.0000000000000000        4.0000000000000000      -0.64083533192855413      -0.45657297920371998     
   1.0000000000000000        5.0000000000000000      -0.59840432183195502      -0.42868028144555831     
   1.0000000000000000        6.0000000000000000      -0.57112329338016687      -0.43471815112122636     
   1.0000000000000000        7.0000000000000000      -0.58579168513930691      -0.67380203569414709     
   1.0000000000000000        8.0000000000000000      -0.64432341212811717       -1.0540455010497889     
   1.0000000000000000        9.0000000000000000      -0.61941700443576941      -0.42016574289698777     
   1.0000000000000000        10.000000000000000      -0.60407820024566028      -0.46602896253467796     
   1.0000000000000000        22.000000000000000       -9.7182282673134349E-002 -0.46492690915881768     
   1.0000000000000000        23.000000000000000      -0.12791950599492966      -0.46602896253467796     
   1.0000000000000000        24.000000000000000      -0.20156849110787667       -1.0853563124632406     
   1.0000000000000000        25.000000000000000      -0.22037980668294388      -0.46492690915881768     
   1.0000000000000000        26.000000000000000      -0.23668294684800215      -0.46492690915881768     
   1.0000000000000000        27.000000000000000      -0.26400288990088616      -0.67380203569414709     
   1.0000000000000000        28.000000000000000      -0.27261755657690662      -0.41045222339323317     
   1.0000000000000000        29.000000000000000      -0.28330140949812388      -0.46492690915881768     
   1.0000000000000000        30.000000000000000      -0.28999355759786649      -0.41045222339323317     
   1.0000000000000000        31.000000000000000      -0.29874022517591403      -0.46492690915881768     
   1.0000000000000000        32.000000000000000       -3.3771068979483197E-002 -0.41045222339323317     
   1.0000000000000000        33.000000000000000       -5.3419155050173875E-002 -0.46602896253467796     
   1.0000000000000000        34.000000000000000       -6.8942331934654710E-002 -0.41045222339323317     
   1.0000000000000000        35.000000000000000       -8.5487608209655674E-002 -0.46602896253467796     
   1.0000000000000000        36.000000000000000      -0.12548235637979907       -1.0853563124632406     
   1.0000000000000000        37.000000000000000      -0.16240058545993147       -1.0853563124632406     
   1.0000000000000000        38.000000000000000      -0.17360526411544572      -0.46492690915881768     
   1.0000000000000000        39.000000000000000      -0.18206408408965241      -0.41045222339323317     
   1.0000000000000000        40.000000000000000      -0.18993953716908624      -0.41045222339323317     
   1.0000000000000000        41.000000000000000      -0.20606828711992162      -0.67380203569414709     
   1.0000000000000000        42.000000000000000       -2.1645006331572233E-002 -0.46492690915881768     
   1.0000000000000000        43.000000000000000       -5.4885984648186871E-002  -1.0853563124632406     
   1.0000000000000000        44.000000000000000       -8.6112358218340027E-002  -1.0853563124632406     
   1.0000000000000000        45.000000000000000      -0.10339734873233435      -0.67380203569414709     
   1.0000000000000000        46.000000000000000      -0.11217034515121717      -0.41045222339323317     
   1.0000000000000000        47.000000000000000      -0.12777122544407632      -0.67380203569414709     
   1.0000000000000000        48.000000000000000      -0.14252881491029445      -0.67380203569414709     
   1.0000000000000000        49.000000000000000      -0.15650968914144850      -0.67380203569414709     
   1.0000000000000000        50.000000000000000      -0.16441782298804769      -0.46492690915881768     
   1.0000000000000000        51.000000000000000      -0.18744128522492753       -1.0853563124632406     
 ---New_Simulation---
        Label               Simulation step                 <E_i>                   E_i
   1.0000000000000000        1.0000000000000000       -4.8594380291583104       -4.8594380291583104     
 ---New_Simulation---
        Label               Simulation step                 <E_i>                   E_i
   1.0000000000000000        1.0000000000000000       -4.3128951232375465       -4.3128951232375465     
 ---New_Simulation---
        Label               Simulation step                 <E_i>                   E_i
   1.0000000000000000        1.0000000000000000       -4.6650097914218662       -4.6650097914218662     
 ---New_Simulation---
        Label               Simulation step                 <E_i>                   E_i
   1.0000000000000000        1.0000000000000000       -4.0162080824319784       -4.0162080824319784     
 ---New_Simulation---
        Label               Simulation step                 <E_i>                   E_i
   1.0000000000000000        1.0000000000000000       -4.2669600850102354       -4.2669600850102354     
 ---New_Simulation---
        Label               Simulation step                 <E_i>                   E_i
   1.0000000000000000        1.0000000000000000       -4.6600219309171402       -4.6600219309171402     
 ---New_Simulation---
        Label               Simulation step                 <E_i>                   E_i
   1.0000000000000000        1.0000000000000000       -4.6847579172066691       -4.6847579172066691     
 ---New_Simulation---
        Label               Simulation step                 <E_i>                   E_i
   1.0000000000000000        1.0000000000000000       -4.6844658614083494       -4.6844658614083494     
 ---New_Simulation---
        Label               Simulation step                 <E_i>                   E_i
   1.0000000000000000        1.0000000000000000       -2.9384816507946643       -2.9384816507946643     
 ---New_Simulation---
        Label               Simulation step                 <E_i>                   E_i
   1.0000000000000000        1.0000000000000000       -4.4643951210522905       -4.4643951210522905     
 ---New_Simulation---
        Label               Simulation step                 <E_i>                   E_i
   1.0000000000000000        1.0000000000000000       -4.8928131265872459       -4.8928131265872459     
 ---New_Simulation---
        Label               Simulation step                 <E_i>                   E_i
   1.0000000000000000        1.0000000000000000       -4.8894088891164351       -4.8894088891164351     
 ---New_Simulation---
        Label               Simulation step                 <E_i>                   E_i
   1.0000000000000000        1.0000000000000000       -4.6811106261590218       -4.6811106261590218     
 ---New_Simulation---
        Label               Simulation step                 <E_i>                   E_i
   1.0000000000000000        1.0000000000000000       -3.4894223316004793       -3.4894223316004793     
 ---New_Simulation---
        Label               Simulation step                 <E_i>                   E_i
   1.0000000000000000        1.0000000000000000       -2.7320794982321588       -2.7320794982321588     
 ---New_Simulation---
        Label               Simulation step                 <E_i>                   E_i
   1.0000000000000000        1.0000000000000000       -4.2362666665656254       -4.2362666665656254     
 ---New_Simulation---
        Label               Simulation step                 <E_i>                   E_i
   1.0000000000000000        1.0000000000000000       -3.4211368781931082       -3.4211368781931082     
 ---New_Simulation---
        Label               Simulation step                 <E_i>                   E_i
   1.0000000000000000        1.0000000000000000       -4.7401431275224519       -4.7401431275224519     
 ---New_Simulation---
        Label               Simulation step                 <E_i>                   E_i
   1.0000000000000000        1.0000000000000000       -4.8847627092186663       -4.8847627092186663     
 ---New_Simulation---
        Label               Simulation step                 <E_i>                   E_i
   1.0000000000000000        1.0000000000000000       -4.5229327428652155       -4.5229327428652155     
 ---New_Simulation---
        Label               Simulation step                 <E_i>                   E_i
   1.0000000000000000        1.0000000000000000       -4.5494993653525402       -4.5494993653525402     
 ---New_Simulation---
        Label               Simulation step                 <E_i>                   E_i
   1.0000000000000000        1.0000000000000000       -4.8789431013662767       -4.8789431013662767     
 ---New_Simulation---
        Label               Simulation step                 <E_i>                   E_i
   1.0000000000000000        1.0000000000000000       -4.5139986331875512       -4.5139986331875512     
 ---New_Simulation---
        Label               Simulation step                 <E_i>                   E_i
   1.0000000000000000        1.0000000000000000       -4.7646061032515670       -4.7646061032515670     
 ---New_Simulation---
        Label               Simulation step                 <E_i>                   E_i
   1.0000000000000000        1.0000000000000000       -3.3991083578054120       -3.3991083578054120     
 ---New_Simulation---
        Label               Simulation step                 <E_i>                   E_i
   1.0000000000000000        1.0000000000000000       -4.6939817625298597       -4.6939817625298597     
 ---New_Simulation---
        Label               Simulation step                 <E_i>                   E_i
   1.0000000000000000        1.0000000000000000       -3.4897640122074169       -3.4897640122074169     
 ---New_Simulation---
        Label               Simulation step                 <E_i>                   E_i
   1.0000000000000000        1.0000000000000000       -4.4939379720771937       -4.4939379720771937     
 ---New_Simulation---
        Label               Simulation step                 <E_i>                   E_i
   1.0000000000000000        1.0000000000000000       -4.5039566511143443       -4.5039566511143443     
