 RDF first attempt (it failed)
 
 0.0000000000000000        44889850330226.391  
 5.0000000000000003E-002   9086193.5530643016  
 0.10000000000000001       2362631845326.0503  
 0.15000000000000002       1719009.5911202733  
 0.20000000000000001       0.0000000000000000  
 0.25000000000000000       0.0000000000000000  
 0.30000000000000004       0.0000000000000000  
 0.35000000000000003       0.0000000000000000  
 0.40000000000000002       13163353.660884647  
 0.45000000000000001       0.0000000000000000  
 0.50000000000000000       0.0000000000000000  
 0.55000000000000004       0.0000000000000000  
 0.60000000000000009       0.0000000000000000  
 0.65000000000000002       226.66023381638675  
 0.70000000000000007       196.48676370453842  
 0.75000000000000000       0.0000000000000000  
 0.80000000000000004       151.75415899334587  
 0.85000000000000009       0.0000000000000000  
 0.90000000000000002       362.17083124896863  
 0.95000000000000007       0.0000000000000000   
 1.0000000000000000        0.0000000000000000  
 1.0500000000000000        268.16830835810401  
 1.1000000000000001        81.621558852905579  
 1.1500000000000001        0.0000000000000000  
 1.2000000000000002        0.0000000000000000  
 1.2500000000000000        0.0000000000000000  
 1.3000000000000000        0.0000000000000000  
 1.3500000000000001        54.642198280107316  
 1.4000000000000001        559.62848866360162  
 1.4500000000000002        0.0000000000000000  
 1.5000000000000000        44.422482227718888  
 1.5500000000000000        83.294019413882069  
 1.6000000000000001        0.0000000000000000  
 1.6500000000000001        0.0000000000000000  
 1.7000000000000002        0.0000000000000000  
 1.7500000000000000        0.0000000000000000  
 1.8000000000000000        93.057153788514100  
 1.8500000000000001        323.25542234491570  
 1.9000000000000001        59872224558.938538  
 1.9500000000000002        56879252854.860336  
 2.0000000000000000        21793.420632268186  
 2.0500000000000003        0.0000000000000000  
 2.1000000000000001        0.0000000000000000  
 2.1499999999999999        0.0000000000000000  
 2.2000000000000002        44815987501.383507  
 2.2500000000000000        42867780166.414284  
 2.3000000000000003        9940151373.5380440  
 2.3500000000000001        0.0000000000000000  
 2.4000000000000004        37728748989.901596  
 2.4500000000000002        0.0000000000000000  
 2.5000000000000000        0.0000000000000000  
 2.5500000000000003        0.0000000000000000  
 2.6000000000000001        0.0000000000000000  
 2.6500000000000004        0.0000000000000000  
 2.7000000000000002        0.0000000000000000  
 2.7500000000000000        0.0000000000000000  
 2.8000000000000003        0.0000000000000000  
 2.8500000000000001        0.0000000000000000  
 2.9000000000000004        0.0000000000000000  
 2.9500000000000002        11.673396845642015  
 3.0000000000000000        0.0000000000000000  
 3.0500000000000003        0.0000000000000000  
 3.1000000000000001        21.159339175281637  
 3.1500000000000004        20.498164486660180  
 3.2000000000000002        119.20501360233722  
 3.2500000000000000        269.71704926825851  
 3.3000000000000003        616.78508790527144  
 3.3500000000000001        1161.0097981482256  
 3.4000000000000004        1708.6545920385979  
 3.4500000000000002        2327.1973106160699  
 3.5000000000000000        2344.7956345726420  
 3.5500000000000003        3023.3877103533277  
 3.6000000000000001        3176.4342539549430  
 3.6500000000000004        3473.0887360704692  
 3.7000000000000002        2710.3396693720060  
 3.7500000000000000        3074.0222623569844  
 3.8000000000000003        3304.8990839015614  
 3.8500000000000001        2710.9917460258557  
 3.9000000000000004        2924.0359432757068  
 3.9500000000000002        2563.2294697455327  
 4.0000000000000000        2079.0343199735562  
 4.0499999999999998        2302.0908677722537  
 4.1000000000000005        2185.9020149431012  
 4.1500000000000004        1896.7637484926386  
 4.2000000000000002        1713.2258894392855  
 4.2500000000000000        1368.1055032242257  
 4.2999999999999998        1557.5911127149543  
 4.3500000000000005        1317.0746696419285  
 4.4000000000000004        1319.1380590880160  
 4.4500000000000002        1227.9134950530649  
 4.5000000000000000        1211.0193111967512  
 4.5499999999999998        1016.8622234700719  
 4.6000000000000005        908.05375373960703  
 4.6500000000000004        1068.3719611411675  
 4.7000000000000002        897.79144832695670  
 4.7500000000000000        743.14667794306445  
 4.8000000000000007        736.70052442981125  
 4.8500000000000005        869.47752654415365  
 4.9000000000000004        783.75989326113358  
 4.9500000000000002        776.43397558825984  
 5.0000000000000000        736.50924463090882  
 5.0500000000000007        633.81555530511207  
 5.1000000000000005        755.25125785501461  
 5.1500000000000004        740.72764714603898  
 5.2000000000000002        756.89477059652995  
 5.2500000000000000        683.20503168971698  
 5.3000000000000007        750.59595224081590  
 5.3500000000000005        643.71532555197825  
 5.4000000000000004        667.01016792301812  
 5.4500000000000002        751.39212814958898  
 5.5000000000000000        792.00831558050436  
 5.5500000000000007        777.86568914470445  
 5.6000000000000005        692.26019527202732  
 5.6500000000000004        609.53756049724757  
 5.7000000000000002        674.59239912737223  
 5.7500000000000000        824.05530448393085  
 5.8000000000000007        797.78924648579095  
 5.8500000000000005        778.28094481679045  
 5.9000000000000004        935.89956634522446  
 5.9500000000000002        868.20906069580940  
 6.0000000000000000        1104.3240831076885  
 6.0500000000000007        1024.6309781766263  
 6.1000000000000005        919.84209773176769  
 6.1500000000000004        1186.8046152311790  
 6.2000000000000002        1103.8262237283416  
 6.2500000000000000        1039.0748675675493  
 6.3000000000000007        1260.3115415254404  
 6.3500000000000005        1169.4364869666999  
 6.4000000000000004        1121.2719837315385  
 6.4500000000000002        1296.2401024451565  
 6.5000000000000000        1237.6231709646797  
 6.5500000000000007        1376.6079994794745  
 6.6000000000000005        1374.7395692376531  
 6.6500000000000004        1414.5121330449372  
 6.7000000000000002        1402.6948611432338  
 6.7500000000000000        1359.5581294843525  
 6.8000000000000007        1357.4554361291127  
 6.8500000000000005        1324.6670009330819  
 6.9000000000000004        1490.8915902673407  
 6.9500000000000002        1427.1197031082536  
 7.0000000000000000        1540.8655181878964  
 7.0500000000000007        1527.4198718796854  
 7.1000000000000005        1453.1421658080610  
 7.1500000000000004        1292.4736916009342  
 7.2000000000000002        1369.6514797834411  
 7.2500000000000000        1413.3583013625168  
 7.3000000000000007        1382.5756781718524  
 7.3500000000000005        1481.6659571940729  
 7.4000000000000004        1244.3854800547492  
 7.4500000000000002        1427.4953420071267  
 7.5000000000000000        1361.1488915774776  
 7.5500000000000007        1300.0251649366301  
 7.6000000000000005        1254.5987819186118  
 7.6500000000000004        1297.9406318587182  
 7.7000000000000002        1205.0141868805765  
 7.7500000000000000        1172.4740416830120  
 7.8000000000000007        1181.1614999019380  
 7.8500000000000005        1179.5384070126677  
 7.9000000000000004        1112.0597606214030  
 7.9500000000000002        1120.9021376727112  
 8.0000000000000000        1007.5104732038805  
 8.0500000000000007        1096.4808662966718  
 8.0999999999999996        1073.6368731961727  
 8.1500000000000004        1041.9921154526460  
 8.2000000000000011        1081.2883397775026  
 8.2500000000000000        1062.2255554865285  
 8.3000000000000007        1010.7443369912295  
 8.3499999999999996        1045.8486498267691  
 8.4000000000000004        1036.3830764533116  
 8.4500000000000011        986.79026183395729  
 8.5000000000000000        1003.6819026920774  
 8.5500000000000007        947.04762948603764  
 8.5999999999999996        963.87664968699153  
 8.6500000000000004        952.79773041855537  
 8.7000000000000011        936.47986392398627  
 8.7500000000000000        1014.3965953891883  
 8.8000000000000007        920.68335855967291  
 8.8499999999999996        1031.0176181242271  
 8.9000000000000004        954.64442709370007  
 8.9500000000000011        1115.9137467115206  
 9.0000000000000000        1004.6413801257257  
 9.0500000000000007        1026.2197069647930  
 9.0999999999999996        104089933.37954843  
 9.1500000000000004        79046.206650312597  
 9.2000000000000011        439577786.08858645  
 9.2500000000000000        1680.2358197507417  
 9.3000000000000007        430203215.70800132  
 9.3499999999999996        1679.8482809699083  
 9.4000000000000004        1116638666.7993090  
 9.4500000000000011        880.40682943292802  
 9.5000000000000000        57319272.021019757  
 9.5500000000000007        72757.846465204901  
 9.6000000000000014        403819502.06860071  
 9.6500000000000004        1749.4750987530720  
 9.7000000000000011        395490975.90863800  
 9.7500000000000000        1839.2943945522215  
 9.8000000000000007        2091258000.6119382  
 9.8500000000000014        2070343731.1785507  
 9.9000000000000004        1231.3671409623544  
 9.9500000000000011        1289.6631492933705
