 ---New_Simulation---
        Label               Simulation step                 <E_i>                   E_i
   2.0000000000000000        20000.000000000000       -4.1176823751903511       -4.5497865607489443     
   2.0000000000000000        40000.000000000000       -4.4095910886639951       -5.8354908765031936     
   1.0000000000000000        60000.000000000000       -4.7472793257907986       -3.8317215185070728     
   1.0000000000000000        80000.000000000000       -4.9056146707603308       -5.2020287876434779     
   1.0000000000000000        100000.00000000000       -5.0224043362457502       -5.7705010612959082     
   2.0000000000000000        120000.00000000000       -4.9529249494365519       -4.1017447641576448     
   1.0000000000000000        140000.00000000000       -5.1820089068223663       -6.5342120555630867     
   2.0000000000000000        160000.00000000000       -5.0541533381215098       -4.8683759869617074     
   2.0000000000000000        180000.00000000000       -5.0933420814274672       -5.9720948712637494     
   1.0000000000000000        200000.00000000000       -5.3093498829727368       -6.0633276158023071     
   2.0000000000000000        220000.00000000000       -5.1533462713781271       -5.2435729536849305     
   1.0000000000000000        240000.00000000000       -5.3671172182872642       -5.6643530279822540     
   1.0000000000000000        260000.00000000000       -5.3900825410758548       -5.4467195041958893     
   2.0000000000000000        280000.00000000000       -5.2185956405299345       -4.1108012798166236     
   1.0000000000000000        300000.00000000000       -5.4228140100474445       -4.2279351238774403     
   1.0000000000000000        320000.00000000000       -5.4371054786803290       -5.8661412141380804     
   1.0000000000000000        340000.00000000000       -5.4496160442159374       -5.4212096288317770     
   1.0000000000000000        360000.00000000000       -5.4613701404946555       -6.2567786950889861     
   1.0000000000000000        380000.00000000000       -5.4729379521835284       -5.4420625141407335     
   1.0000000000000000        400000.00000000000       -5.4831265599531331       -6.2737506313815272     
   1.0000000000000000        420000.00000000000       -5.4940087549995686       -5.7631776018240544     
   2.0000000000000000        440000.00000000000       -5.3180937721746524       -5.6400649247739354     
   2.0000000000000000        460000.00000000000       -5.3264731866262016       -5.7470979287473298     
   1.0000000000000000        480000.00000000000       -5.5227382846254889       -4.2070208151802078     
   2.0000000000000000        500000.00000000000       -5.3449058430934873       -4.5535230574644263     
   1.0000000000000000        520000.00000000000       -5.5316111390074383       -5.9155020663145326     
   1.0000000000000000        540000.00000000000       -5.5357592979591468       -6.5964137068665867     
   1.0000000000000000        560000.00000000000       -5.5395079733349357       -3.9709309795647720     
   1.0000000000000000        580000.00000000000       -5.5428134275668972       -6.1703379503412066     
   2.0000000000000000        600000.00000000000       -5.3759344611218989       -5.5873355630694181     
   2.0000000000000000        620000.00000000000       -5.3818801289483140       -5.1322627685646820     
   2.0000000000000000        640000.00000000000       -5.3863357920206187       -5.2745805278745124     
   2.0000000000000000        660000.00000000000       -5.3905310493339940       -5.3328480153489179     
   1.0000000000000000        680000.00000000000       -5.5535032538738660       -5.3517424853096633     
   2.0000000000000000        700000.00000000000       -5.3980820233074134       -5.8401262167288364     
   1.0000000000000000        720000.00000000000       -5.5554260815751233       -6.2881774434109925     
   1.0000000000000000        740000.00000000000       -5.5570491378115889       -6.0523492954705604     
   2.0000000000000000        760000.00000000000       -5.4077809038928590       -4.8428267721136464     
   2.0000000000000000        780000.00000000000       -5.4114790360760319       -5.1247154545368518     
   2.0000000000000000        800000.00000000000       -5.4141612885078860       -6.3432579756562015     
   1.0000000000000000        820000.00000000000       -5.5611070143128689       -6.1863405871068009     
   2.0000000000000000        840000.00000000000       -5.4200868812654770       -5.2011554101293109     
   2.0000000000000000        860000.00000000000       -5.4226519299358680       -5.1752151494665171     
   2.0000000000000000        880000.00000000000       -5.4257023672913993       -5.8104368995173399     
   2.0000000000000000        900000.00000000000       -5.4289692837365582       -4.1444726839247101     
   2.0000000000000000        920000.00000000000       -5.4318175576117342       -5.9969042494929896     
   2.0000000000000000        940000.00000000000       -5.4349601256472999       -4.7292138039734626     
   2.0000000000000000        960000.00000000000       -5.4375426132023952       -5.5838159860481067     
   2.0000000000000000        980000.00000000000       -5.4394630498672960       -3.4254988672849382     
   2.0000000000000000        1000000.0000000000       -5.4412941438800182       -5.4898776235584252     
   1.0000000000000000        1020000.0000000000       -5.5713537119701142       -5.0306110220082241     
   2.0000000000000000        1040000.0000000000       -5.4455879395796067       -5.3872822834814311     
   2.0000000000000000        1060000.0000000000       -5.4481533258716226       -4.2778577088758851     
   2.0000000000000000        1080000.0000000000       -5.4506672173465729       -5.9156287764092523     
   2.0000000000000000        1100000.0000000000       -5.4530195197802707       -6.5521986950645674     
   1.0000000000000000        1120000.0000000000       -5.5726497973489240       -6.0747001153907849     
   1.0000000000000000        1140000.0000000000       -5.5732473156936386       -5.4038959474319199     
   2.0000000000000000        1160000.0000000000       -5.4604057864525988       -4.9360064845333138     
   1.0000000000000000        1180000.0000000000       -5.5737966351240349       -5.9001789913246121     
   1.0000000000000000        1200000.0000000000       -5.5747714044467065       -6.0789076237674253     
   2.0000000000000000        1220000.0000000000       -5.4669190565357351       -6.0155583825564509     
   1.0000000000000000        1240000.0000000000       -5.5751921297319109       -5.9736779532101298     
   1.0000000000000000        1260000.0000000000       -5.5749932766318491       -5.9173020659569104     
   1.0000000000000000        1280000.0000000000       -5.5747984364809069       -6.3501257724725857     
   2.0000000000000000        1300000.0000000000       -5.4730859282246564       -5.7263078989384182     
   1.0000000000000000        1320000.0000000000       -5.5745299592295385       -6.2611452357982511     
   2.0000000000000000        1340000.0000000000       -5.4758720429880503       -6.3289470893772934     
   1.0000000000000000        1360000.0000000000       -5.5750384159893640       -5.3356118639654060     
   1.0000000000000000        1380000.0000000000       -5.5749710326689064       -6.2572735674739448     
   2.0000000000000000        1400000.0000000000       -5.4803213039640370       -5.2772834121664633     
   2.0000000000000000        1420000.0000000000       -5.4820412560143312       -5.1830625881642467     
   1.0000000000000000        1440000.0000000000       -5.5746145084018117       -5.8549453008466203     
   2.0000000000000000        1460000.0000000000       -5.4839098931935641       -6.2203095485459450     
   1.0000000000000000        1480000.0000000000       -5.5732993258054799       -4.4182386141619494     
   2.0000000000000000        1500000.0000000000       -5.4859411050881288       -5.4210050318624701     
   1.0000000000000000        1520000.0000000000       -5.5722682288486354       -4.5841245741856813     
   1.0000000000000000        1540000.0000000000       -5.5718124027834053       -5.6308057715806061     
   1.0000000000000000        1560000.0000000000       -5.5712019578213186       -6.0988297296313068     
   1.0000000000000000        1580000.0000000000       -5.5707844167702731       -6.0026156743662931     
   2.0000000000000000        1600000.0000000000       -5.4912471009795034       -6.1299188266663425     
   1.0000000000000000        1620000.0000000000       -5.5703238968971105       -5.2862868983910065     
   2.0000000000000000        1640000.0000000000       -5.4920249102682339       -6.0520808400157113     
   1.0000000000000000        1660000.0000000000       -5.5693365749659094       -6.3962518701893183     
   2.0000000000000000        1680000.0000000000       -5.4929569592834238       -5.0783457328740358     
   2.0000000000000000        1700000.0000000000       -5.4933775784583592       -5.2948724761318982     
   2.0000000000000000        1720000.0000000000       -5.4938491918288319       -5.5592051180541358     
   1.0000000000000000        1740000.0000000000       -5.5689051945448531       -5.6570622728208040     
   2.0000000000000000        1760000.0000000000       -5.4949161909883975       -5.0902723372061640     
   2.0000000000000000        1780000.0000000000       -5.4956480902767559       -5.3881182344492018     
   1.0000000000000000        1800000.0000000000       -5.5707100825421492       -5.8052210485322799     
   1.0000000000000000        1820000.0000000000       -5.5714915540172392       -5.1208129685268720     
   1.0000000000000000        1840000.0000000000       -5.5717510205738270       -5.9152685901771420     
   1.0000000000000000        1860000.0000000000       -5.5722751603521994       -5.6127449285669719     
   2.0000000000000000        1880000.0000000000       -5.4996171326548193       -6.4570614250092708     
   1.0000000000000000        1900000.0000000000       -5.5731791769815429       -5.4069232014688904     
   1.0000000000000000        1920000.0000000000       -5.5736971386309362       -5.6152502439353444     
   2.0000000000000000        1940000.0000000000       -5.5023222524983915       -5.6420050749888215     
   2.0000000000000000        1960000.0000000000       -5.5030876648539984       -5.3753048063782671     
   2.0000000000000000        1980000.0000000000       -5.5039042008872787       -5.4408818885729655     
   1.0000000000000000        2000000.0000000000       -5.5745643990109155       -5.3032275162681968     
   1.0000000000000000        2020000.0000000000       -5.5745582938826210       -6.0970018983407934     
   1.0000000000000000        2040000.0000000000       -5.5746972376127477       -3.4494913711779134     
   1.0000000000000000        2060000.0000000000       -5.5746954077322943       -5.1386271821596141     
   1.0000000000000000        2080000.0000000000       -5.5747539451386174       -5.6483018181507658     
   2.0000000000000000        2100000.0000000000       -5.5095625674052489       -5.5667024242943164     
   2.0000000000000000        2120000.0000000000       -5.5107019353457263       -5.0369424631649782     
   2.0000000000000000        2140000.0000000000       -5.5111922739806944       -5.5883254058568541     
   2.0000000000000000        2160000.0000000000       -5.5118007829052322       -5.6299808897464807     
   2.0000000000000000        2180000.0000000000       -5.5126303451179988       -6.1583538964418745     
   1.0000000000000000        2200000.0000000000       -5.5754086164054790       -6.0840921897924112     
   2.0000000000000000        2220000.0000000000       -5.5142134409374481       -5.0407427682599781     
   1.0000000000000000        2240000.0000000000       -5.5756749497193612       -5.3666784010845872     
   1.0000000000000000        2260000.0000000000       -5.5759089825461761       -5.4566569836404630     
   2.0000000000000000        2280000.0000000000       -5.5161526694471563       -5.2603045406011635     
   2.0000000000000000        2300000.0000000000       -5.5167838729776459       -5.9100676720656509     
   2.0000000000000000        2320000.0000000000       -5.5175548199740945       -5.9633533571824051     
   2.0000000000000000        2340000.0000000000       -5.5178516250926766       -6.6424268756763434     
   1.0000000000000000        2360000.0000000000       -5.5754813372913086       -6.0509233953859987     
   2.0000000000000000        2380000.0000000000       -5.5185960098022910       -6.1704625552207526     
   2.0000000000000000        2400000.0000000000       -5.5191483978127414       -5.6074145436271472     
   2.0000000000000000        2420000.0000000000       -5.5196719468533182       -5.1072259367149409     
   1.0000000000000000        2440000.0000000000       -5.5749883675613869       -5.9419174549349663     
   1.0000000000000000        2460000.0000000000       -5.5751201472242462       -5.4252747555341339     
   2.0000000000000000        2480000.0000000000       -5.5211008611278292       -5.4387533012239855     
   1.0000000000000000        2500000.0000000000       -5.5752327100911909       -5.9350154360990963     
   1.0000000000000000        2520000.0000000000       -5.5751902544619867       -6.2625991053783716     
   1.0000000000000000        2540000.0000000000       -5.5748865865276063       -5.6176862374782832     
   1.0000000000000000        2560000.0000000000       -5.5749170640667787       -5.7558074983450149     
   2.0000000000000000        2580000.0000000000       -5.5229762462232390       -6.1115211372273697     
   1.0000000000000000        2600000.0000000000       -5.5752341273049044       -5.8706206683001634     
   2.0000000000000000        2620000.0000000000       -5.5240372018900779       -5.7912801543983186     
   1.0000000000000000        2640000.0000000000       -5.5755450827610025       -5.0443864846966573     
   1.0000000000000000        2660000.0000000000       -5.5756886465034636       -5.5995721827779521     
   1.0000000000000000        2680000.0000000000       -5.5758726119235726       -5.2252424991060913     
   1.0000000000000000        2700000.0000000000       -5.5759955850736755       -5.5893960058894896     
   1.0000000000000000        2720000.0000000000       -5.5760249238191326       -5.7473168624483675     
   1.0000000000000000        2740000.0000000000       -5.5757747902049424       -5.2097993010013788     
   1.0000000000000000        2760000.0000000000       -5.5754489553330258       -5.0486490927134584     
   2.0000000000000000        2780000.0000000000       -5.5283066263710392       -5.9686503915205948     
   1.0000000000000000        2800000.0000000000       -5.5752117661860590       -3.9523796394283259     
   1.0000000000000000        2820000.0000000000       -5.5752174433290058       -5.6863032459067355     
   1.0000000000000000        2840000.0000000000       -5.5754084472744374       -5.0807454902463398     
   2.0000000000000000        2860000.0000000000       -5.5304825651268894       -5.9715990829470487     
   1.0000000000000000        2880000.0000000000       -5.5754594921550247       -5.7219556196876455     
   2.0000000000000000        2900000.0000000000       -5.5317076956317850       -6.2316379971395159     
   2.0000000000000000        2920000.0000000000       -5.5324273372521979       -5.6390933275874833     
   1.0000000000000000        2940000.0000000000       -5.5751311903342060       -5.6633649529587071     
   2.0000000000000000        2960000.0000000000       -5.5336954726369045       -5.7072750137943054     
   2.0000000000000000        2980000.0000000000       -5.5341684358985574       -6.4251489448893988     
   2.0000000000000000        3000000.0000000000       -5.5344195813478514       -6.2330590423042818     
   1.0000000000000000        3020000.0000000000       -5.5750969499566905       -5.1893269847046763     
   2.0000000000000000        3040000.0000000000       -5.5351636179178181       -5.5153414927754634     
   1.0000000000000000        3060000.0000000000       -5.5752560659130177       -4.8583831575994285     
   1.0000000000000000        3080000.0000000000       -5.5752469933985624       -6.4520152539852775     
   1.0000000000000000        3100000.0000000000       -5.5753179389086176       -5.7904349587416348     
   2.0000000000000000        3120000.0000000000       -5.5364144741212096       -4.9305033012012167     
   1.0000000000000000        3140000.0000000000       -5.5754274869903480       -5.7142305127834305     
   1.0000000000000000        3160000.0000000000       -5.5753411390418322       -4.2466498919206295     
   2.0000000000000000        3180000.0000000000       -5.5376913602589211       -6.3839772868801798     
   2.0000000000000000        3200000.0000000000       -5.5380563900595075       -5.5354202469938452     
   2.0000000000000000        3220000.0000000000       -5.5381551678674086       -5.7169058892112128     
   1.0000000000000000        3240000.0000000000       -5.5745980954459124       -5.1179154563137637     
   2.0000000000000000        3260000.0000000000       -5.5384105606969136       -5.8196855699122949     
   1.0000000000000000        3280000.0000000000       -5.5744945663508521       -5.2045732027062011     
   1.0000000000000000        3300000.0000000000       -5.5744847179777892       -5.2060754924036399     
   2.0000000000000000        3320000.0000000000       -5.5389782647229744       -4.4272224562038511     
   1.0000000000000000        3340000.0000000000       -5.5744459934264672       -5.8467601202571959     
   1.0000000000000000        3360000.0000000000       -5.5745712150178344       -5.2236034807301817     
   1.0000000000000000        3380000.0000000000       -5.5744980318700907       -4.2695872604786826     
   2.0000000000000000        3400000.0000000000       -5.5404175746497346       -5.8599077887312472     
   1.0000000000000000        3420000.0000000000       -5.5743128788064107       -6.2406415366062316     
   1.0000000000000000        3440000.0000000000       -5.5745845405923733       -5.9077238968685943     
   1.0000000000000000        3460000.0000000000       -5.5746102269998534       -6.3660608048107665     
   2.0000000000000000        3480000.0000000000       -5.5414880969486289       -6.0026806681871863     
   2.0000000000000000        3500000.0000000000       -5.5419341319721616       -6.1990587963154082     
   2.0000000000000000        3520000.0000000000       -5.5421777189855179       -5.9708425340505134     
   2.0000000000000000        3540000.0000000000       -5.5423447934727355       -4.4932064787909587     
   2.0000000000000000        3560000.0000000000       -5.5425542754928161       -4.7253626147011873     
   2.0000000000000000        3580000.0000000000       -5.5426399582201347       -5.4630886058222670     
   2.0000000000000000        3600000.0000000000       -5.5428534177132791       -4.9503357497247737     
   2.0000000000000000        3620000.0000000000       -5.5429697530806958       -5.8477649702553007     
   1.0000000000000000        3640000.0000000000       -5.5738929884457553       -5.4000734528971162     
   2.0000000000000000        3660000.0000000000       -5.5435098778815606       -6.2159540029155993     
   1.0000000000000000        3680000.0000000000       -5.5733606001691802       -6.3051092933773401     
   2.0000000000000000        3700000.0000000000       -5.5435925647478781       -7.0020070198670297     
   1.0000000000000000        3720000.0000000000       -5.5728526387459381       -4.9993633905315313     
   1.0000000000000000        3740000.0000000000       -5.5725703924639323       -5.2445641213180911     
   2.0000000000000000        3760000.0000000000       -5.5436972578772465       -6.5994583672792420     
   1.0000000000000000        3780000.0000000000       -5.5724290560922318       -6.2902104781112023     
   2.0000000000000000        3800000.0000000000       -5.5440083519416712       -5.8026903576318976     
   2.0000000000000000        3820000.0000000000       -5.5441639210570672       -5.4982182845109158     
   1.0000000000000000        3840000.0000000000       -5.5721573743013586       -4.9133970251922108     
   2.0000000000000000        3860000.0000000000       -5.5444765717620754       -5.1395734331085556     
   1.0000000000000000        3880000.0000000000       -5.5721451360309455       -5.8683590030274573     
   2.0000000000000000        3900000.0000000000       -5.5447134998039624       -6.1816583919241737     
   2.0000000000000000        3920000.0000000000       -5.5449981609954353       -5.6479769393161989     
   2.0000000000000000        3940000.0000000000       -5.5452983276851846       -6.8880353735398243     
   1.0000000000000000        3960000.0000000000       -5.5718932058426525       -4.6593075895521334     
   1.0000000000000000        3980000.0000000000       -5.5717490841448081       -5.9932932733455964     
   2.0000000000000000        4000000.0000000000       -5.5457611083406260       -5.5075675082127082     
   2.0000000000000000        4020000.0000000000       -5.5459534888194186       -5.8183418254707258     
   1.0000000000000000        4040000.0000000000       -5.5715785642127180       -5.6684050675719968     
   2.0000000000000000        4060000.0000000000       -5.5462940934671590       -4.5581115947159958     
   1.0000000000000000        4080000.0000000000       -5.5715109134152865       -5.9987776691552668     
   2.0000000000000000        4100000.0000000000       -5.5465740610431293       -5.4712617673543464     
   2.0000000000000000        4120000.0000000000       -5.5468558414421532       -5.6842918077760753     
   2.0000000000000000        4140000.0000000000       -5.5470565352254280       -5.3133318242155152     
   1.0000000000000000        4160000.0000000000       -5.5716878164466177       -5.2418632050873111     
   2.0000000000000000        4180000.0000000000       -5.5474410175795486       -5.3578259260226382     
   2.0000000000000000        4200000.0000000000       -5.5477054312984944       -5.7940237134526003     
   2.0000000000000000        4220000.0000000000       -5.5479820812693275       -5.0942574600426074     
   2.0000000000000000        4240000.0000000000       -5.5482015050240818       -5.6535088727630516     
   2.0000000000000000        4260000.0000000000       -5.5484429592286952       -5.7358696946459098     
   2.0000000000000000        4280000.0000000000       -5.5486897982537711       -5.0777907501004451     
   1.0000000000000000        4300000.0000000000       -5.5717076774430225       -4.4160135420059312     
   2.0000000000000000        4320000.0000000000       -5.5491388627406293       -5.5046649483772239     
   2.0000000000000000        4340000.0000000000       -5.5495159851818991       -5.9011275686623312     
   1.0000000000000000        4360000.0000000000       -5.5713035947138403       -4.1189692843475258     
   1.0000000000000000        4380000.0000000000       -5.5711415574279650       -5.1346894667952379     
   1.0000000000000000        4400000.0000000000       -5.5710390959966327       -5.8521367893875063     
   2.0000000000000000        4420000.0000000000       -5.5508992766570717       -6.0259069539644345     
   1.0000000000000000        4440000.0000000000       -5.5707298754748811       -4.8007348412510664     
   2.0000000000000000        4460000.0000000000       -5.5514514773307431       -5.7293983042142616     
   1.0000000000000000        4480000.0000000000       -5.5704009886948347       -4.9328890685389837     
   1.0000000000000000        4500000.0000000000       -5.5702292254582213       -5.7283145789019443     
   1.0000000000000000        4520000.0000000000       -5.5702469277051287       -6.4568265516951682     
   2.0000000000000000        4540000.0000000000       -5.5523646432433402       -5.3282710538470184     
   1.0000000000000000        4560000.0000000000       -5.5702130107708028       -5.2546204666929528     
   1.0000000000000000        4580000.0000000000       -5.5700847868277652       -5.3542702010222083     
   2.0000000000000000        4600000.0000000000       -5.5529030114031972       -6.1873251759210577     
   1.0000000000000000        4620000.0000000000       -5.5699724688484036       -6.3449323683621106     
   1.0000000000000000        4640000.0000000000       -5.5699820878005726       -3.8411235509948929     
   2.0000000000000000        4660000.0000000000       -5.5533714641638143       -6.1387314240522803     
   2.0000000000000000        4680000.0000000000       -5.5536111013165277       -5.2942561015694025     
   1.0000000000000000        4700000.0000000000       -5.5696777378707027       -5.8364097361032368     
   1.0000000000000000        4720000.0000000000       -5.5696320220097588       -5.2400202708878822     
   2.0000000000000000        4740000.0000000000       -5.5538657750903422       -6.1138650614539589     
   2.0000000000000000        4760000.0000000000       -5.5539791505076037       -5.7757156073872897     
   1.0000000000000000        4780000.0000000000       -5.5694553856199960       -5.5907323231661650     
   1.0000000000000000        4800000.0000000000       -5.5694954466499498       -5.9566800632624339     
   2.0000000000000000        4820000.0000000000       -5.5539806643826282       -4.8204414456135956     
   2.0000000000000000        4840000.0000000000       -5.5539917042572577       -6.3829637640797321     
   1.0000000000000000        4860000.0000000000       -5.5692439005159997       -4.3953173085203305     
   1.0000000000000000        4880000.0000000000       -5.5691246801889216       -5.3440035654725238     
   2.0000000000000000        4900000.0000000000       -5.5544379465619746       -6.3288038341528043     
   1.0000000000000000        4920000.0000000000       -5.5689345200802141       -6.0386573535475456     
   2.0000000000000000        4940000.0000000000       -5.5546698564761963       -6.1678553968612322     
   1.0000000000000000        4960000.0000000000       -5.5688688079886006       -5.6631250866246319     
   2.0000000000000000        4980000.0000000000       -5.5547216514485740       -5.6809138836660953     
   2.0000000000000000        5000000.0000000000       -5.5548093030258583       -4.9549272063667713     
   1.0000000000000000        5020000.0000000000       -5.5687194635427666       -6.3565219855796320     
   1.0000000000000000        5040000.0000000000       -5.5687133322312414       -4.9676881855673809     
   2.0000000000000000        5060000.0000000000       -5.5550281234944201       -5.8427771461872364     
   2.0000000000000000        5080000.0000000000       -5.5550569619486572       -5.4455894559966156     
   2.0000000000000000        5100000.0000000000       -5.5550660974916726       -6.1426796290224335     
   1.0000000000000000        5120000.0000000000       -5.5687367354995807       -5.8651346875864290     
   2.0000000000000000        5140000.0000000000       -5.5551069391229531       -6.3101520791003587     
   2.0000000000000000        5160000.0000000000       -5.5552571671913320       -4.6739279437793098     
   1.0000000000000000        5180000.0000000000       -5.5684415757233774       -6.1077389136564495     
   2.0000000000000000        5200000.0000000000       -5.5554667472149850       -5.6355915619168648     
   1.0000000000000000        5220000.0000000000       -5.5682641263258219       -5.2083789056626459     
   2.0000000000000000        5240000.0000000000       -5.5558263435990183       -5.8991665491508947     
   2.0000000000000000        5260000.0000000000       -5.5559738386677866       -5.2890930968520058     
   1.0000000000000000        5280000.0000000000       -5.5677170408973318       -3.5521352284618044     
   2.0000000000000000        5300000.0000000000       -5.5561942745285524       -5.5112990828906261     
   2.0000000000000000        5320000.0000000000       -5.5563843714478089       -5.7731339704939657     
   1.0000000000000000        5340000.0000000000       -5.5675544727996673       -5.3139520518556465     
   1.0000000000000000        5360000.0000000000       -5.5675770217956950       -5.5822429058250593     
   2.0000000000000000        5380000.0000000000       -5.5570651581277692       -6.3724993537264609     
   1.0000000000000000        5400000.0000000000       -5.5675082409324474       -6.3149039958472182     
   2.0000000000000000        5420000.0000000000       -5.5572971860339289       -5.5092104019353689     
   2.0000000000000000        5440000.0000000000       -5.5573906838721800       -6.1537392000853623     
   1.0000000000000000        5460000.0000000000       -5.5676158120050498       -5.8246332686051572     
   2.0000000000000000        5480000.0000000000       -5.5574939418592137       -6.2380138590177641     
   2.0000000000000000        5500000.0000000000       -5.5575156584995122       -5.6777375736095159     
   1.0000000000000000        5520000.0000000000       -5.5675348561590328       -6.5405183379288081     
   2.0000000000000000        5540000.0000000000       -5.5574180018509036       -4.6378372760922018     
   2.0000000000000000        5560000.0000000000       -5.5574056511886401       -5.5277500308717302     
   1.0000000000000000        5580000.0000000000       -5.5674967756195803       -6.5041978880615305     
   2.0000000000000000        5600000.0000000000       -5.5572759860853020       -4.6955578394146107     
   1.0000000000000000        5620000.0000000000       -5.5674855546829036       -6.0699543964366001     
   1.0000000000000000        5640000.0000000000       -5.5675686574263139       -5.5798836725591920     
   1.0000000000000000        5660000.0000000000       -5.5675727066229932       -6.4953317367007219     
   1.0000000000000000        5680000.0000000000       -5.5674960095410650       -5.9067687530974844     
   1.0000000000000000        5700000.0000000000       -5.5674802950096316       -5.6361927868996080     
   1.0000000000000000        5720000.0000000000       -5.5676159031654633       -4.5487475398595549     
   1.0000000000000000        5740000.0000000000       -5.5677021968850342       -5.3562505229954454     
   1.0000000000000000        5760000.0000000000       -5.5678176412024039       -5.7734821037354012     
   1.0000000000000000        5780000.0000000000       -5.5678403250192394       -4.9770146610167050     
   1.0000000000000000        5800000.0000000000       -5.5678257487979845       -5.6718048590200727     
   1.0000000000000000        5820000.0000000000       -5.5677866667020366       -5.6421393987330370     
   2.0000000000000000        5840000.0000000000       -5.5594080492667919       -4.9988071363010311     
   2.0000000000000000        5860000.0000000000       -5.5596376541356536       -4.3755316140806917     
   1.0000000000000000        5880000.0000000000       -5.5678757093413829       -5.1104158182282466     
   1.0000000000000000        5900000.0000000000       -5.5680466542521820       -5.8218775322172958     
   1.0000000000000000        5920000.0000000000       -5.5681350146507658       -5.0848350430348308     
   1.0000000000000000        5940000.0000000000       -5.5681710005537886       -6.0217987116340348     
   1.0000000000000000        5960000.0000000000       -5.5683021521790081       -5.6394788251575392     
   2.0000000000000000        5980000.0000000000       -5.5605334404562283       -6.1671161210305128     
   1.0000000000000000        6000000.0000000000       -5.5683938340917365       -6.1711901557263351     
   2.0000000000000000        6020000.0000000000       -5.5606474371977521       -5.4918826721215934     
   1.0000000000000000        6040000.0000000000       -5.5682105923643990       -5.8708060029084992     
   2.0000000000000000        6060000.0000000000       -5.5607727354338730       -5.7085455018220035     
   1.0000000000000000        6080000.0000000000       -5.5683649388699648       -6.1834325870379487     
   2.0000000000000000        6100000.0000000000       -5.5608998451583806       -5.2779418714441055     
   2.0000000000000000        6120000.0000000000       -5.5609342040454539       -5.2448043452632991     
   1.0000000000000000        6140000.0000000000       -5.5686280549356173       -5.3792971964282348     
   1.0000000000000000        6160000.0000000000       -5.5687001602439272       -5.6701943451291505     
   1.0000000000000000        6180000.0000000000       -5.5688370010167088       -5.2044615502502953     
   1.0000000000000000        6200000.0000000000       -5.5689417066131384       -5.7722325701950892     
   2.0000000000000000        6220000.0000000000       -5.5608198284682464       -5.9693482465291181     
   2.0000000000000000        6240000.0000000000       -5.5607571040595536       -4.5188571253312739     
   2.0000000000000000        6260000.0000000000       -5.5606397279398054       -5.6388924766938082     
   1.0000000000000000        6280000.0000000000       -5.5693237052844538       -5.3532679273070629     
   1.0000000000000000        6300000.0000000000       -5.5692770824726505       -5.6654219576166911     
   2.0000000000000000        6320000.0000000000       -5.5606278515405094       -5.2471312302344586     
   1.0000000000000000        6340000.0000000000       -5.5693316946268467       -6.3750614689036720     
   2.0000000000000000        6360000.0000000000       -5.5607475693726167       -5.8688858230936596     
   1.0000000000000000        6380000.0000000000       -5.5694322034688399       -4.9646508700536325     
   2.0000000000000000        6400000.0000000000       -5.5608393393314763       -5.9502178743465342     
   1.0000000000000000        6420000.0000000000       -5.5693945361121910       -5.4714946050738140     
   2.0000000000000000        6440000.0000000000       -5.5610428088862163       -6.5302798549320311     
   2.0000000000000000        6460000.0000000000       -5.5611254104308214       -6.0891781901761703     
   2.0000000000000000        6480000.0000000000       -5.5612252089487910       -4.9970461480756594     
   1.0000000000000000        6500000.0000000000       -5.5695468795563370       -5.8787137884754888     
   2.0000000000000000        6520000.0000000000       -5.5614495054017992       -3.9971835907893212     
   2.0000000000000000        6540000.0000000000       -5.5615119480064248       -5.4205487946803448     
   2.0000000000000000        6560000.0000000000       -5.5616183039994720       -5.3178884602246770     
   2.0000000000000000        6580000.0000000000       -5.5616439216499165       -5.0411756345635172     
   1.0000000000000000        6600000.0000000000       -5.5689879728345932       -6.3130533689681005     
   1.0000000000000000        6620000.0000000000       -5.5689234466404409       -5.6062068214590761     
   2.0000000000000000        6640000.0000000000       -5.5617520850960274       -4.6256984590921073     
   2.0000000000000000        6660000.0000000000       -5.5618691632964836       -5.9304194644832577     
   2.0000000000000000        6680000.0000000000       -5.5619528026591034       -5.6745728762890177     
   2.0000000000000000        6700000.0000000000       -5.5619414050912139       -5.3405644508817884     
   1.0000000000000000        6720000.0000000000       -5.5687981588820747       -6.1347241255875415     
   2.0000000000000000        6740000.0000000000       -5.5619603788610172       -5.4376883930464466     
   2.0000000000000000        6760000.0000000000       -5.5619039382374069       -6.0911541567391208     
   1.0000000000000000        6780000.0000000000       -5.5689002958251068       -5.9234545813022113     
   2.0000000000000000        6800000.0000000000       -5.5617635139232808       -5.7624053070870680     
   2.0000000000000000        6820000.0000000000       -5.5618648553125389       -5.9840400760039421     
   2.0000000000000000        6840000.0000000000       -5.5618690531920736       -5.9740056633891570     
   2.0000000000000000        6860000.0000000000       -5.5619445156803762       -4.3416659667212798     
   2.0000000000000000        6880000.0000000000       -5.5620507949898217       -5.5629039513285834     
   1.0000000000000000        6900000.0000000000       -5.5688691972913409       -5.1217466515321419     
   2.0000000000000000        6920000.0000000000       -5.5621296819181856       -5.1399730573307281     
   2.0000000000000000        6940000.0000000000       -5.5621823653811990       -6.1486537864048900     
   1.0000000000000000        6960000.0000000000       -5.5690296133734289       -5.8347770784790853     
   1.0000000000000000        6980000.0000000000       -5.5690193907588368       -5.7103943595330282     
   1.0000000000000000        7000000.0000000000       -5.5690400505126441       -4.9443858600771486     
   1.0000000000000000        7020000.0000000000       -5.5690250722295058       -4.5878970855280619     
   1.0000000000000000        7040000.0000000000       -5.5690595341075673       -4.1054693699111855     
   2.0000000000000000        7060000.0000000000       -5.5620497592220310       -6.4889021181222795     
   1.0000000000000000        7080000.0000000000       -5.5691899242635952       -5.5336552850824861     
   1.0000000000000000        7100000.0000000000       -5.5692099570033475       -5.3224148820002446     
   2.0000000000000000        7120000.0000000000       -5.5620707449663529       -4.7158487188783313     
   2.0000000000000000        7140000.0000000000       -5.5620013761881051       -6.2285068423327781     
   2.0000000000000000        7160000.0000000000       -5.5619675801745023       -5.4769526411523257     
   1.0000000000000000        7180000.0000000000       -5.5693141039834559       -5.1547320518373452     
   1.0000000000000000        7200000.0000000000       -5.5692815411198477       -5.2918097340789609     
   1.0000000000000000        7220000.0000000000       -5.5692817525441551       -5.5651953038926560     
   2.0000000000000000        7240000.0000000000       -5.5619679678810501       -5.2910635473524632     
   1.0000000000000000        7260000.0000000000       -5.5695137383219286       -6.1706634842543338     
   2.0000000000000000        7280000.0000000000       -5.5619610398653245       -6.1569174575297705     
   1.0000000000000000        7300000.0000000000       -5.5696540790401894       -5.6942003974846758     
   2.0000000000000000        7320000.0000000000       -5.5621517798128064       -6.1319299168042818     
   1.0000000000000000        7340000.0000000000       -5.5698286579149032       -5.6938421382916999     
   2.0000000000000000        7360000.0000000000       -5.5623656428888930       -6.2919055109853153     
   1.0000000000000000        7380000.0000000000       -5.5700623341037305       -5.4108678570858046     
   2.0000000000000000        7400000.0000000000       -5.5624128011564942       -5.6049056920860316     
   2.0000000000000000        7420000.0000000000       -5.5623889971785880       -4.7670078620970351     
   1.0000000000000000        7440000.0000000000       -5.5702045863705791       -6.0820639291721124     
   1.0000000000000000        7460000.0000000000       -5.5702673207530546       -5.2450019109188855     
   1.0000000000000000        7480000.0000000000       -5.5703838661684646       -6.1257618138390786     
   2.0000000000000000        7500000.0000000000       -5.5621534055739543       -5.8558759237439526     
   1.0000000000000000        7520000.0000000000       -5.5705573074383938       -6.6454205075303445     
   1.0000000000000000        7540000.0000000000       -5.5706394250721596       -5.6024992131487696     
   2.0000000000000000        7560000.0000000000       -5.5620808580980929       -6.2995602340075285     
   1.0000000000000000        7580000.0000000000       -5.5708009840652526       -5.2116693625415618     
   2.0000000000000000        7600000.0000000000       -5.5621602141385740       -6.1618885781417125     
   1.0000000000000000        7620000.0000000000       -5.5708044371627325       -5.9743787546530163     
   1.0000000000000000        7640000.0000000000       -5.5708429420584240       -4.8758498464624216     
   1.0000000000000000        7660000.0000000000       -5.5707921070785344       -5.1608247868106218     
   1.0000000000000000        7680000.0000000000       -5.5707057929264892       -5.8771468677230132     
   1.0000000000000000        7700000.0000000000       -5.5706306263353706       -5.9090901806662544     
   1.0000000000000000        7720000.0000000000       -5.5706298669631966       -5.7059977810758218     
   2.0000000000000000        7740000.0000000000       -5.5623303476407830       -5.5692281468461164     
   1.0000000000000000        7760000.0000000000       -5.5707850746768415       -5.8165770266928938     
   1.0000000000000000        7780000.0000000000       -5.5709246753340711       -5.7715811958136847     
   2.0000000000000000        7800000.0000000000       -5.5624632626941981       -6.3430737980234033     
   2.0000000000000000        7820000.0000000000       -5.5624648357359909       -5.4011235478193589     
   1.0000000000000000        7840000.0000000000       -5.5707604275813871       -5.3940505746664682     
   2.0000000000000000        7860000.0000000000       -5.5624996575512444       -5.9801606403399967     
   2.0000000000000000        7880000.0000000000       -5.5625106691652544       -5.4788277408609201     
   2.0000000000000000        7900000.0000000000       -5.5624525356090615       -6.1107932010427302     
   1.0000000000000000        7920000.0000000000       -5.5704977993053877       -5.2792996389143401     
   2.0000000000000000        7940000.0000000000       -5.5623313930088072       -5.8961990279805931     
   1.0000000000000000        7960000.0000000000       -5.5704090422361814       -5.0199178182721829     
   2.0000000000000000        7980000.0000000000       -5.5623466026700399       -4.7490916819966396     
   1.0000000000000000        8000000.0000000000       -5.5704668883953552       -5.6181971600290685     
   1.0000000000000000        8020000.0000000000       -5.5705616889498861       -5.9140057382551117     
   1.0000000000000000        8040000.0000000000       -5.5705837069791126       -4.9850730321184766     
   2.0000000000000000        8060000.0000000000       -5.5622760126678754       -6.0462858538069844     
   2.0000000000000000        8080000.0000000000       -5.5622421144196696       -4.7139439192468142     
   1.0000000000000000        8100000.0000000000       -5.5706509686954337       -4.8892099817207777     
   1.0000000000000000        8120000.0000000000       -5.5707112737004048       -4.9483671849715867     
   2.0000000000000000        8140000.0000000000       -5.5621863262143778       -5.4346961748826237     
   2.0000000000000000        8160000.0000000000       -5.5621646006972032       -4.6710270028761398     
   2.0000000000000000        8180000.0000000000       -5.5620901174918025       -5.1038416094678078     
   1.0000000000000000        8200000.0000000000       -5.5707123757017305       -5.3079065101356946     
   1.0000000000000000        8220000.0000000000       -5.5707829722917701       -4.8910984997659313     
   1.0000000000000000        8240000.0000000000       -5.5708118062576366       -5.3398660014224424     
   2.0000000000000000        8260000.0000000000       -5.5618776728682278       -6.4241252063757193     
   1.0000000000000000        8280000.0000000000       -5.5709092453995614       -4.6048978479170568     
   2.0000000000000000        8300000.0000000000       -5.5619376311039295       -4.9041010034209354     
   1.0000000000000000        8320000.0000000000       -5.5710479111979074       -5.3644095893283792     
   2.0000000000000000        8340000.0000000000       -5.5621252036128501       -6.3148158534023251     
   2.0000000000000000        8360000.0000000000       -5.5622156699406133       -5.1526380937601379     
   1.0000000000000000        8380000.0000000000       -5.5712359527571653       -5.2283666836892051     
   1.0000000000000000        8400000.0000000000       -5.5713104248484013       -6.4793459259468325     
   2.0000000000000000        8420000.0000000000       -5.5622433080146676       -5.7525006892196799     
   2.0000000000000000        8440000.0000000000       -5.5622198284581490       -5.2832297497097107     
   1.0000000000000000        8460000.0000000000       -5.5716680797021487       -4.5034861561638460     
   2.0000000000000000        8480000.0000000000       -5.5622554306634138       -5.9029106402852403     
   2.0000000000000000        8500000.0000000000       -5.5622633814595845       -5.1116977936119365     
   2.0000000000000000        8520000.0000000000       -5.5623361196028123       -5.7669975231930781     
   2.0000000000000000        8540000.0000000000       -5.5623387151679005       -5.6629115043089904     
   2.0000000000000000        8560000.0000000000       -5.5623757649832797       -5.7326964778155487     
   1.0000000000000000        8580000.0000000000       -5.5722230727130908       -5.8751951847419370     
   1.0000000000000000        8600000.0000000000       -5.5723411317053211       -4.8783006128055133     
   2.0000000000000000        8620000.0000000000       -5.5623634509559823       -4.2804272694580519     
   1.0000000000000000        8640000.0000000000       -5.5724627320009930       -5.9902879101566651     
   2.0000000000000000        8660000.0000000000       -5.5623090028791040       -5.8853726857720670     
   2.0000000000000000        8680000.0000000000       -5.5622325146822407       -5.1741639901694452     
   1.0000000000000000        8700000.0000000000       -5.5725794967741535       -6.0098412079008767     
   2.0000000000000000        8720000.0000000000       -5.5622150894466484       -5.5912249064626858     
   2.0000000000000000        8740000.0000000000       -5.5623033451659971       -5.1376860934643682     
   1.0000000000000000        8760000.0000000000       -5.5728893180967773       -5.3603360936030642     
   2.0000000000000000        8780000.0000000000       -5.5624442018763780       -5.2797230148192469     
   1.0000000000000000        8800000.0000000000       -5.5730404532581366       -5.7854617613475279     
   2.0000000000000000        8820000.0000000000       -5.5624141617820531       -5.0836146970056078     
   2.0000000000000000        8840000.0000000000       -5.5624025220740281       -5.4272643215331655     
   2.0000000000000000        8860000.0000000000       -5.5624451687343859       -5.4990806009127855     
   2.0000000000000000        8880000.0000000000       -5.5624029086482478       -6.0833595913980814     
   2.0000000000000000        8900000.0000000000       -5.5624028269056458       -5.9601538664250606     
   2.0000000000000000        8920000.0000000000       -5.5624294293921359       -5.9076773430521810     
   2.0000000000000000        8940000.0000000000       -5.5624590216470144       -4.9659413701590571     
   1.0000000000000000        8960000.0000000000       -5.5730783262730510       -4.8417575443442820     
   1.0000000000000000        8980000.0000000000       -5.5730077300281922       -5.6758278783499954     
   1.0000000000000000        9000000.0000000000       -5.5729944534014981       -6.0639743982824905     
   2.0000000000000000        9020000.0000000000       -5.5625414626049254       -6.3863025145231935     
   2.0000000000000000        9040000.0000000000       -5.5625297049872149       -5.5396120538782245     
   2.0000000000000000        9060000.0000000000       -5.5624726946442733       -5.6993292314873010     
   2.0000000000000000        9080000.0000000000       -5.5624778610517023       -5.1448266224076269     
   2.0000000000000000        9100000.0000000000       -5.5625262712178625       -6.3123595652152407     
   1.0000000000000000        9120000.0000000000       -5.5731517915934941       -6.0124756651205491     
   2.0000000000000000        9140000.0000000000       -5.5625823137954979       -5.0305625542117722     
   2.0000000000000000        9160000.0000000000       -5.5625684903338009       -5.1692971684701847     
   1.0000000000000000        9180000.0000000000       -5.5733834554205268       -5.5356193868154486     
   2.0000000000000000        9200000.0000000000       -5.5625996039078949       -4.9017819632851705     
   2.0000000000000000        9220000.0000000000       -5.5626132030543332       -5.3628716596388628     
   2.0000000000000000        9240000.0000000000       -5.5626562965393198       -5.7156518610817324     
   2.0000000000000000        9260000.0000000000       -5.5626458927402620       -6.3344654909577276     
   2.0000000000000000        9280000.0000000000       -5.5626192702576711       -5.8828777963522239     
   2.0000000000000000        9300000.0000000000       -5.5626105533845562       -4.4323435939701126     
   1.0000000000000000        9320000.0000000000       -5.5737382022001318       -5.9243837430130197     
   1.0000000000000000        9340000.0000000000       -5.5738055639116455       -5.5061542127597072     
   1.0000000000000000        9360000.0000000000       -5.5737961394475803       -6.3206015178517880     
   2.0000000000000000        9380000.0000000000       -5.5627984378493744       -5.1789136493232029     
   2.0000000000000000        9400000.0000000000       -5.5628552430670153       -5.7752474639943134     
   2.0000000000000000        9420000.0000000000       -5.5629331054794289       -5.1989281641705007     
   2.0000000000000000        9440000.0000000000       -5.5629996176524630       -6.2155515222844651     
   1.0000000000000000        9460000.0000000000       -5.5739433136676899       -6.0436033164753145     
   2.0000000000000000        9480000.0000000000       -5.5631442427417408       -5.3319297681076758     
   1.0000000000000000        9500000.0000000000       -5.5740232132641214       -6.0778112370089286     
   2.0000000000000000        9520000.0000000000       -5.5632682661505886       -6.4674612270521692     
   1.0000000000000000        9540000.0000000000       -5.5741453284650149       -4.5082726535946760     
   2.0000000000000000        9560000.0000000000       -5.5633327940185540       -5.5804445809169998     
   1.0000000000000000        9580000.0000000000       -5.5740363720548665       -5.8919915562183691     
   2.0000000000000000        9600000.0000000000       -5.5632619999465422       -5.2421125579722698     
   2.0000000000000000        9620000.0000000000       -5.5632740277990393       -6.1461723876345324     
   1.0000000000000000        9640000.0000000000       -5.5739551243493066       -5.7139480830722116     
   2.0000000000000000        9660000.0000000000       -5.5633708959080685       -5.7628433300650475     
   1.0000000000000000        9680000.0000000000       -5.5739931887213814       -4.9201815535971214     
   1.0000000000000000        9700000.0000000000       -5.5740102222323538       -6.0071302465079794     
   1.0000000000000000        9720000.0000000000       -5.5741135995301931       -6.5564011347307964     
   1.0000000000000000        9740000.0000000000       -5.5741922935625032       -5.2657236270241423     
   2.0000000000000000        9760000.0000000000       -5.5633550626038142       -5.4769327339019167     
   2.0000000000000000        9780000.0000000000       -5.5633893770097282       -4.8082208272095199     
   1.0000000000000000        9800000.0000000000       -5.5744056912721307       -6.1409095790218773     
   2.0000000000000000        9820000.0000000000       -5.5634297367192334       -5.3870126275529868     
   1.0000000000000000        9840000.0000000000       -5.5745229342307869       -5.8927097958669208     
   1.0000000000000000        9860000.0000000000       -5.5745253917061612       -5.6039266428230317     
   2.0000000000000000        9880000.0000000000       -5.5633266183673022       -4.7056390405287996     
   2.0000000000000000        9900000.0000000000       -5.5633567983269563       -5.4374468090387618     
   2.0000000000000000        9920000.0000000000       -5.5633716858727489       -4.9829016214291162     
   2.0000000000000000        9940000.0000000000       -5.5633623548608888       -6.2462051835419139     
   1.0000000000000000        9960000.0000000000       -5.5745035692832898       -5.6388394291335251     
   2.0000000000000000        9980000.0000000000       -5.5633901519292692       -6.4042771482235423     
   2.0000000000000000        10000000.000000000       -5.5634038034153086       -6.6292490653336555     
   2.0000000000000000        10020000.000000000       -5.5634623677266024       -6.1304243390471758     
   2.0000000000000000        10040000.000000000       -5.5635427596068130       -5.4355596457555357     
   1.0000000000000000        10060000.000000000       -5.5743505073790818       -6.1848369626784674     
   1.0000000000000000        10080000.000000000       -5.5744251100780700       -4.3636481582317979     
   1.0000000000000000        10100000.000000000       -5.5744132530887756       -6.0098677479372924     
   2.0000000000000000        10120000.000000000       -5.5636910952011478       -6.6317422209675634     
   2.0000000000000000        10140000.000000000       -5.5636194697605532       -6.0091538575622359     
   2.0000000000000000        10160000.000000000       -5.5636490327261372       -5.5724738273605121     
   2.0000000000000000        10180000.000000000       -5.5636787071746010       -6.0892566282441472     
   2.0000000000000000        10200000.000000000       -5.5636818399259944       -5.6036326809784818     
   2.0000000000000000        10220000.000000000       -5.5637327931623792       -5.6584230135876981     
   1.0000000000000000        10240000.000000000       -5.5743373746109235       -5.3196322603795290     
   2.0000000000000000        10260000.000000000       -5.5638417655568455       -6.1875651981024626     
   2.0000000000000000        10280000.000000000       -5.5638208409519763       -5.7537082538092337     
   1.0000000000000000        10300000.000000000       -5.5742033275331240       -6.2398059386822418     
   1.0000000000000000        10320000.000000000       -5.5742326616808828       -5.2364181430612717     
   1.0000000000000000        10340000.000000000       -5.5742232240850473       -6.1201960443125998     
   2.0000000000000000        10360000.000000000       -5.5635946803581779       -5.7017238986782477     
   2.0000000000000000        10380000.000000000       -5.5635455363810395       -5.1067615033258109     
   1.0000000000000000        10400000.000000000       -5.5743077006943000       -6.1725301951212650     
   2.0000000000000000        10420000.000000000       -5.5635353219520161       -5.0990918457636898     
   1.0000000000000000        10440000.000000000       -5.5742706455036828       -3.1168618824012424     
   2.0000000000000000        10460000.000000000       -5.5634410062193806       -6.2793239005582731     
   1.0000000000000000        10480000.000000000       -5.5742068830514269       -5.2864339913214557     
   2.0000000000000000        10500000.000000000       -5.5635237550219578       -6.0144236807873961     
   1.0000000000000000        10520000.000000000       -5.5742974901877025       -5.7194322397888238     
   2.0000000000000000        10540000.000000000       -5.5635965781525423       -6.0997523244831386     
   1.0000000000000000        10560000.000000000       -5.5743315628177976       -3.8204777702749895     
   1.0000000000000000        10580000.000000000       -5.5742791722813871       -5.2919026677849095     
   1.0000000000000000        10600000.000000000       -5.5741961046914792       -6.5650881387443123     
   1.0000000000000000        10620000.000000000       -5.5741957326203817       -5.6257103441961620     
   1.0000000000000000        10640000.000000000       -5.5741970047166918       -6.6484940680015674     
   1.0000000000000000        10660000.000000000       -5.5741794268138651       -4.8343228361995507     
   1.0000000000000000        10680000.000000000       -5.5741352284909684       -6.3780292968063286     
   1.0000000000000000        10700000.000000000       -5.5741609053353800       -5.9380884347569403     
   2.0000000000000000        10720000.000000000       -5.5637100663530408       -4.3300923546948473     
   2.0000000000000000        10740000.000000000       -5.5637378451399071       -5.2480510963959315     
   2.0000000000000000        10760000.000000000       -5.5637632391040830       -5.9922494500446817     
   2.0000000000000000        10780000.000000000       -5.5636886263501912       -6.1085329668967505     
   2.0000000000000000        10800000.000000000       -5.5636570302470050       -6.1337347793729791     
   2.0000000000000000        10820000.000000000       -5.5636654262999121       -4.3837972609993940     
   1.0000000000000000        10840000.000000000       -5.5746219554130656       -5.6553141042817723     
   2.0000000000000000        10860000.000000000       -5.5636403853218690       -5.7350946126514346     
   2.0000000000000000        10880000.000000000       -5.5636924774731495       -5.1737668225503795     
   2.0000000000000000        10900000.000000000       -5.5637357540724750       -5.0812775920787976     
   1.0000000000000000        10920000.000000000       -5.5747992246927360       -5.2753073772879544     
   1.0000000000000000        10940000.000000000       -5.5748478099787926       -5.5468418560979238     
   1.0000000000000000        10960000.000000000       -5.5748941470725635       -4.6283482290423095     
   2.0000000000000000        10980000.000000000       -5.5637779161691325       -5.1201112806084605     
   2.0000000000000000        11000000.000000000       -5.5636867982412772       -4.7591754586438837     
   2.0000000000000000        11020000.000000000       -5.5637153939358237       -4.7257390126163568     
   2.0000000000000000        11040000.000000000       -5.5636988971079129       -5.5710355512754548     
   1.0000000000000000        11060000.000000000       -5.5751065851362096       -5.7618719022898714     
   1.0000000000000000        11080000.000000000       -5.5751665765724994       -5.8103067071723657     
   2.0000000000000000        11100000.000000000       -5.5637583263709942       -5.7407936416248289     
   2.0000000000000000        11120000.000000000       -5.5637705847453036       -5.8452361989048143     
   2.0000000000000000        11140000.000000000       -5.5637665327767127       -5.4335150919465294     
   2.0000000000000000        11160000.000000000       -5.5637122094285916       -4.3783728079371498     
   2.0000000000000000        11180000.000000000       -5.5636943023976748       -6.1581106540638588     
   2.0000000000000000        11200000.000000000       -5.5636178595377661       -6.2291819979591381     
   1.0000000000000000        11220000.000000000       -5.5753290463663969       -5.4276718753592652     
   2.0000000000000000        11240000.000000000       -5.5634948757975229       -5.7740834799379366     
   1.0000000000000000        11260000.000000000       -5.5754020383399041       -5.5753285278161915     
   2.0000000000000000        11280000.000000000       -5.5634228146211253       -5.7046943053641170     
   1.0000000000000000        11300000.000000000       -5.5755082828665889       -6.4406666244321134     
   1.0000000000000000        11320000.000000000       -5.5755523789381396       -5.3014951307195162     
   2.0000000000000000        11340000.000000000       -5.5633856859579440       -5.9583777803495712     
   1.0000000000000000        11360000.000000000       -5.5757117066345909       -6.4665565357211463     
   1.0000000000000000        11380000.000000000       -5.5758039255159604       -6.0106236501042405     
   2.0000000000000000        11400000.000000000       -5.5633620856868449       -5.5982939427717469     
   2.0000000000000000        11420000.000000000       -5.5633724641999649       -6.9466111444581964     
   1.0000000000000000        11440000.000000000       -5.5758511412681626       -5.7433577204704207     
   2.0000000000000000        11460000.000000000       -5.5633924431072046       -6.4184458560416253     
   2.0000000000000000        11480000.000000000       -5.5634303665978111       -5.6945076696281358     
   1.0000000000000000        11500000.000000000       -5.5759057283770668       -5.6816213961567383     
   1.0000000000000000        11520000.000000000       -5.5759725798013813       -5.4915308722736089     
   2.0000000000000000        11540000.000000000       -5.5637165622744256       -6.1203574371660565     
   1.0000000000000000        11560000.000000000       -5.5760284275043430       -5.3757923436337141     
   1.0000000000000000        11580000.000000000       -5.5760576107184985       -5.6466550328449081     
   1.0000000000000000        11600000.000000000       -5.5760469320792243       -4.3303213232388851     
   2.0000000000000000        11620000.000000000       -5.5637638142552452       -5.9029693446073175     
   1.0000000000000000        11640000.000000000       -5.5760913065759539       -5.8065483929855350     
   2.0000000000000000        11660000.000000000       -5.5637786893647370       -5.1641739511568936     
   2.0000000000000000        11680000.000000000       -5.5637945246587099       -4.9963583651089785     
   2.0000000000000000        11700000.000000000       -5.5638093591919491       -5.4866040104291161     
   2.0000000000000000        11720000.000000000       -5.5638427157328314       -5.6852020102756731     
   2.0000000000000000        11740000.000000000       -5.5638575460315707       -5.3833802562727175     
   2.0000000000000000        11760000.000000000       -5.5638653267071971       -5.4714087861868208     
   1.0000000000000000        11780000.000000000       -5.5762496030468869       -5.4165430551318323     
   1.0000000000000000        11800000.000000000       -5.5762602195434976       -6.5155321117922780     
   2.0000000000000000        11820000.000000000       -5.5638756331241819       -4.7778076778404417     
   1.0000000000000000        11840000.000000000       -5.5762758331028870       -5.4498212154148113     
   1.0000000000000000        11860000.000000000       -5.5763190936358962       -6.1951262582952404     
   1.0000000000000000        11880000.000000000       -5.5763462155674555       -5.9502927116722377     
   1.0000000000000000        11900000.000000000       -5.5763591172152465       -5.7317544284573261     
   2.0000000000000000        11920000.000000000       -5.5640751483611988       -5.0571163781141566     
   1.0000000000000000        11940000.000000000       -5.5763846446093916       -4.9162466706065757     
   2.0000000000000000        11960000.000000000       -5.5641865512785849       -3.6450428448430721     
   1.0000000000000000        11980000.000000000       -5.5763055222144686       -5.7875355360284155     
   1.0000000000000000        12000000.000000000       -5.5763086525792875       -5.1337786082892203     
   2.0000000000000000        12020000.000000000       -5.5642539166341800       -5.2951645930842073     
   1.0000000000000000        12040000.000000000       -5.5763995252988172       -5.6297587052579150     
   1.0000000000000000        12060000.000000000       -5.5764261908481334       -5.2565780515820411     
   2.0000000000000000        12080000.000000000       -5.5642793404740392       -5.7044479908661216     
   1.0000000000000000        12100000.000000000       -5.5764341326626781       -6.3183278674838652     
   2.0000000000000000        12120000.000000000       -5.5642439043635044       -5.0689211784612285     
   1.0000000000000000        12140000.000000000       -5.5765309208000780       -5.9562136568944188     
   1.0000000000000000        12160000.000000000       -5.5765980604652086       -5.1076572841644836     
   2.0000000000000000        12180000.000000000       -5.5642877082998368       -4.8294758770624924     
   1.0000000000000000        12200000.000000000       -5.5766568671948153       -5.7400137319413007     
